170 1820
4 119
28 67
87 153
8 9
147 167
11 14
61 100
148 168
27 107
25 34
50 127
10 54
42 123
2 50
3 15
83 124
22 28
7 165
40 162
13 65
23 109
24 74
96 99
1 90
33 159
53 137
18 30
56 142
57 107
3 136
22 149
69 81
67 157
5 96
132 137
58 108
69 117
36 169
133 138
39 94
125 134
102 150
87 107
33 136
12 113
65 88
116 170
120 140
6 38
49 116
80 103
113 137
11 89
90 153
10 44
42 113
9 165
3 5
94 123
64 100
105 138
7 11
6 15
17 61
58 62
76 110
14 135
128 157
61 67
86 160
39 48
58 98
98 134
70 152
82 126
8 97
146 147
51 58
35 50
95 101
40 165
93 140
124 164
109 121
28 47
128 134
34 127
120 130
58 75
49 106
50 71
150 158
153 163
18 118
30 92
63 126
91 108
2 30
12 80
112 167
44 112
32 58
72 94
64 90
2 115
9 11
33 139
34 104
45 113
65 91
38 74
15 90
67 137
31 34
10 11
42 80
2 7
55 162
101 129
8 87
12 57
50 169
16 27
62 143
52 129
93 130
130 170
61 70
101 106
7 99
92 143
91 98
131 134
9 145
115 126
1 24
4 66
44 102
104 153
10 109
116 127
157 164
78 136
119 137
63 93
77 140
41 74
6 116
44 79
104 130
62 133
41 110
54 129
34 71
53 84
25 102
11 167
5 7
9 14
74 143
66 139
32 146
138 164
82 83
96 167
55 129
29 77
20 28
12 24
4 20
75 80
41 87
1 14
81 123
133 170
85 93
16 30
116 117
22 73
103 147
12 145
78 90
96 144
1 135
8 31
100 114
118 162
46 143
17 116
29 90
15 155
21 86
41 64
110 163
102 159
19 161
95 156
15 47
11 13
96 157
99 162
11 49
12 14
132 159
4 10
58 130
21 99
81 113
1 4
41 77
33 73
11 134
45 47
144 169
3 50
26 33
4 131
8 21
11 26
65 146
9 102
40 89
60 67
6 96
133 137
79 166
30 124
50 139
62 113
19 151
39 129
43 99
103 150
36 60
34 136
13 113
118 129
64 158
57 119
117 170
76 132
3 148
14 157
48 70
140 153
8 119
25 59
125 146
95 123
7 10
60 165
106 132
33 148
32 103
23 134
24 99
84 150
17 60
117 147
8 11
11 16
49 128
77 110
69 106
15 135
8 96
19 105
98 169
30 114
90 165
29 155
48 168
8 132
12 102
136 137
53 139
72 152
49 105
77 87
120 165
40 56
59 155
91 107
101 151
48 145
154 163
19 118
60 119
11 114
39 96
31 92
91 143
23 88
143 153
135 149
60 155
106 122
158 169
45 112
64 125
6 40
38 109
97 158
98 123
150 170
2 6
113 139
90 155
82 151
3 7
75 112
35 39
14 16
33 115
64 102
56 98
108 145
45 125
57 99
58 64
43 164
22 141
14 137
61 69
67 149
26 111
98 136
50 96
17 148
42 92
54 66
6 138
12 69
13 34
51 60
21 154
64 115
65 80
16 75
160 168
32 168
78 135
98 113
101 118
47 147
134 152
27 89
79 136
4 42
82 141
41 109
1 36
12 82
4 78
105 130
16 52
9 13
127 148
12 167
6 7
65 93
38 76
97 125
18 97
30 71
10 13
2 9
28 147
47 160
92 168
11 94
105 107
43 46
41 122
25 114
44 127
46 57
31 157
10 134
56 101
2 130
9 26
120 122
86 129
78 125
17 115
42 59
82 95
100 149
60 76
5 140
9 147
69 161
61 157
53 73
164 169
56 78
124 133
2 107
127 138
34 96
31 170
15 82
107 165
99 161
5 117
12 13
57 164
63 95
28 137
29 102
1 3
33 72
13 14
16 19
2 84
14 58
25 104
5 9
9 16
87 164
66 141
107 142
32 148
78 115
5 130
46 168
4 22
58 142
1 16
27 154
93 99
2 97
66 118
12 147
86 96
126 132
4 143
78 92
31 160
24 121
138 143
47 104
7 68
148 156
5 107
77 132
9 114
7 153
141 153
33 62
152 162
3 39
74 99
85 108
31 137
145 159
15 49
88 119
8 10
13 125
126 145
45 157
11 15
24 134
3 160
28 104
68 140
12 16
38 154
4 12
7 166
1 6
34 40
20 105
2 87
41 164
13 102
18 31
78 82
36 85
37 166
68 153
15 147
84 139
28 58
7 35
47 71
53 151
99 118
3 150
28 94
26 133
113 138
46 148
6 75
15 160
3 6
62 92
14 15
4 87
91 155
102 164
143 165
15 16
41 154
7 12
56 133
17 62
128 158
42 91
80 117
27 111
20 72
102 141
48 170
106 111
116 161
35 87
55 65
96 103
88 99
65 115
9 71
109 158
15 114
121 132
62 82
71 167
23 90
84 106
143 155
35 64
94 150
106 124
16 87
3 117
109 135
14 126
128 148
13 167
18 96
10 12
2 8
101 130
134 164
8 88
30 106
31 71
3 9
14 18
76 78
33 153
6 19
51 170
86 164
79 125
11 70
82 130
29 124
54 68
4 67
64 81
84 96
115 163
41 134
1 61
34 95
85 140
38 65
56 113
160 170
27 55
86 141
13 157
18 86
36 140
82 107
55 153
8 78
11 83
4 80
5 8
37 77
17 19
2 119
9 15
49 51
93 157
66 140
26 67
12 169
6 9
138 165
43 156
36 117
42 48
55 130
26 103
70 146
2 11
83 85
75 81
1 15
81 160
87 91
46 59
65 72
15 71
13 147
32 160
79 92
98 105
76 166
9 113
36 130
28 126
153 157
5 142
52 74
112 125
69 163
81 137
19 162
85 107
51 114
3 74
103 161
89 113
19 54
46 157
11 50
12 15
79 105
4 11
82 110
81 114
1 5
13 16
4 47
37 44
42 159
54 133
73 146
5 11
78 81
51 127
84 161
67 108
107 144
24 146
36 120
82 87
29 81
47 129
80 126
41 55
111 150
69 153
42 136
22 41
156 157
3 64
66 120
67 85
70 90
35 132
88 144
19 44
152 164
102 163
8 156
122 141
106 133
4 122
137 157
84 151
136 161
28 70
87 156
8 12
107 134
45 159
65 137
76 146
100 131
25 37
4 14
2 53
19 142
45 51
85 87
51 94
84 128
33 162
13 104
32 117
78 84
35 122
96 138
21 44
40 57
58 111
69 120
162 168
44 63
39 97
71 166
21 165
14 40
52 152
12 116
4 112
43 103
28 60
47 73
147 160
65 127
38 110
9 83
29 61
121 144
140 157
132 153
151 166
82 152
3 8
102 130
94 126
11 128
13 58
36 41
15 18
7 14
25 148
16 99
40 47
46 127
89 168
69 110
2 20
113 153
73 80
19 109
11 105
63 152
83 130
103 108
1 60
60 146
124 167
16 76
68 86
87 136
53 143
99 110
45 139
6 31
65 117
57 113
98 114
77 91
42 70
161 170
8 77
121 134
26 125
31 60
90 146
75 103
20 87
52 119
32 61
64 93
83 143
6 8
105 167
17 54
3 119
15 93
27 67
38 113
78 149
10 14
2 10
101 132
8 90
19 99
4 56
131 160
24 34
3 11
34 84
52 132
10 135
56 102
76 80
9 27
67 117
46 94
78 126
90 100
7 102
113 120
27 80
71 123
91 101
110 114
94 106
154 157
40 135
4 69
44 105
104 156
123 169
54 155
85 142
10 148
76 93
66 165
107 166
150 164
153 169
60 90
12 50
13 15
31 63
112 137
63 132
45 83
5 10
74 146
93 159
126 156
6 11
4 167
138 167
97 129
36 119
82 86
46 169
30 75
23 36
77 156
115 119
21 112
80 161
41 90
10 102
116 120
22 76
45 96
51 139
43 135
101 112
23 49
62 126
1 30
27 168
33 99
34 64
93 113
53 77
11 160
45 73
51 116
137 156
43 112
54 158
106 168
67 97
13 126
126 146
86 110
78 106
28 105
88 156
6 86
4 13
50 129
29 106
61 138
80 151
1 7
34 41
37 46
74 113
85 122
5 13
13 103
18 32
32 116
43 125
87 168
1 128
88 133
27 37
11 29
36 122
25 49
152 153
58 146
14 39
73 125
74 90
30 163
126 136
32 129
4 147
64 161
16 121
99 155
119 133
46 149
151 165
26 170
133 153
11 127
39 109
110 169
7 13
35 111
136 163
8 14
107 136
33 43
4 16
91 133
61 141
94 138
114 116
20 109
30 153
84 130
41 168
87 135
7 26
33 164
45 138
5 65
24 115
65 116
76 125
29 50
129 137
98 149
10 36
42 105
62 83
121 169
141 147
43 69
33 141
32 96
44 150
87 148
86 152
77 103
55 164
79 149
3 10
101 167
54 92
6 164
52 131
31 108
72 109
41 158
87 125
7 16
1 85
34 119
64 141
56 137
22 144
14 140
15 105
40 49
92 96
78 161
98 139
10 26
62 73
18 146
146 152
20 76
63 154
94 141
64 118
105 156
2 143
34 132
25 163
58 80
121 136
19 88
2 35
83 109
21 134
105 133
16 55
17 20
135 155
5 45
6 10
51 161
57 92
120 148
67 142
97 164
17 141
10 16
36 154
2 12
47 163
134 168
94 95
6 131
13 27
16 32
93 135
124 159
10 137
17 33
9 29
127 164
14 107
66 154
126 168
78 128
15 108
161 162
19 78
70 160
12 39
31 52
131 139
69 164
146 155
105 123
115 167
22 88
74 135
25 130
20 164
32 138
138 156
130 152
90 115
82 111
47 153
58 168
50 164
5 12
17 23
27 36
6 13
18 67
38 82
50 56
48 95
19 68
92 138
31 42
4 25
112 116
83 89
1 19
27 157
34 53
52 101
145 149
124 126
56 71
114 161
34 89
66 121
13 115
38 59
23 159
89 104
35 133
15 75
1 140
67 122
18 80
99 154
28 130
48 108
40 104
2 77
33 101
23 136
137 158
55 88
15 52
8 13
26 61
107 135
16 133
76 147
28 107
8 49
20 23
92 128
4 15
77 148
1 9
73 114
125 161
31 117
42 163
2 90
54 137
14 64
114 151
85 124
31 153
32 118
51 131
59 108
100 109
46 138
5 100
71 82
38 134
28 120
152 155
4 28
104 115
22 45
74 92
96 116
72 167
70 94
16 123
121 145
26 136
46 151
92 118
4 5
10 48
69 134
73 104
33 68
25 64
30 142
51 85
15 19
41 157
87 124
7 15
66 101
26 28
18 24
117 152
88 125
8 16
38 124
17 101
58 102
41 49
19 110
125 128
110 148
2 57
103 109
60 147
85 91
13 72
31 120
124 168
13 108
117 165
9 74
77 92
76 127
69 88
68 123
80 97
38 137
42 107
102 121
7 149
62 85
11 119
75 140
35 67
88 115
34 144
97 163
10 15
27 104
113 144
91 125
51 52
3 12
31 110
105 145
1 87
5 57
9 64
68 113
15 107
80 87
27 81
78 163
82 133
62 75
7 139
54 71
73 84
60 114
83 134
16 44
155 159
60 150
16 80
109 128
5 70
6 35
97 153
15 120
121 138
100 164
39 68
12 51
71 137
131 151
2 37
123 147
102 124
146 167
24 61
56 93
2 122
6 12
37 116
57 94
2 158
1 162
67 144
78 153
11 63
91 92
2 14
83 88
101 136
28 152
123 160
75 120
116 121
62 150
73 159
39 166
10 139
116 157
109 118
26 83
27 48
50 68
90 104
55 146
134 147
8 71
48 107
20 45
30 89
83 101
29 130
69 166
40 139
44 109
104 160
14 86
78 107
43 149
49 80
59 130
71 104
17 133
2 4
29 107
48 120
1 8
13 19
112 141
131 154
62 140
22 67
66 110
5 14
56 96
55 100
74 150
9 106
19 70
38 169
112 118
23 40
9 142
50 143
1 21
25 86
137 147
108 120
18 46
72 166
78 97
15 77
55 113
59 120
46 150
57 159
21 93
60 84
33 67
39 146
11 164
51 120
3 80
43 116
95 163
47 86
8 15
17 100
36 113
77 114
100 134
38 159
62 107
1 11
30 154
83 166
3 57
35 125
55 103
96 141
1 132
34 166
111 120
9 109
40 96
33 57
52 70
22 47
14 43
155 168
74 94
66 90
39 136
23 128
147 163
4 151
70 96
37 148
17 90
36 103
49 122
29 64
26 138
132 156
92 120
4 7
22 24
54 93
14 20
31 109
43 83
102 169
103 134
122 147
95 130
15 21
55 57
6 57
132 133
38 126
27 116
25 43
79 163
11 108
30 121
82 168
75 129
14 33
105 157
35 92
55 70
147 153
107 117
139 149
37 138
58 81
76 129
49 112
22 158
148 154
151 159
82 145
62 87
81 100
103 124
2 157
88 117
6 47
98 130
49 125
2 13
55 168
15 132
101 135
80 112
30 111
83 123
3 14
75 119
94 132
66 70
65 74
86 133
46 97
65 110
3 135
42 63
26 118
78 165
83 100
102 113
32 54
24 50
75 132
38 70
108 165
22 125
66 168
97 155
30 65
2 3
28 141
8 83
48 119
39 70
112 140
63 135
24 27
83 113
3 4
146 169
52 125
37 82
10 128
116 146
68 69
127 155
25 144
6 14
138 170
88 169
67 146
2 16
83 90
54 63
80 164
40 128
23 75
104 149
135 136
108 119
46 64
37 95
68 82
78 132
89 141
101 115
20 47
11 78
61 164
33 102
73 138
105 127
16 49
9 10
74 139
16 134
42 43
19 59
46 162
11 55
21 105
1 10
92 165
13 21
50 168
10 95
42 164
62 142
122 156
5 16
32 119
35 124
67 113
101 105
1 167
10 72
81 132
8 148
27 161
2 104
43 105
22 82
74 129
114 165
12 154
18 48
24 128
70 95
100 123
19 49
4 6
41 73
42 154
93 119
66 102
5 6
32 109
37 75
4 127
16 101
95 165
88 126
67 103
53 168
16 137
28 111
21 72
121 159
1 13
125 165
43 95
106 151
67 80
12 144
59 76
18 38
35 127
57 151
76 164
26 163
125 142
51 76
3 36
62 122
94 154
14 45
60 161
85 105
55 82
107 129
11 12
38 115
56 163
58 93
148 166
27 105
113 145
18 136
4 9
30 110
10 52
15 167
3 13
48 164
94 131
27 141
66 69
30 146
31 111
75 154
96 97
1 88
47 55
18 28
56 140
16 104
68 114
29 43
129 130
40 52
26 117
6 59
57 141
58 106
77 119
21 75
54 72
19 114
39 92
71 161
31 88
32 53
84 100
21 160
41 138
60 151
32 89
38 105
57 118
3 147
109 165
69 92
26 130
132 148
98 155
71 138
17 167
83 112
11 123
4 84
51 79
83 148
124 149
7 9
57 95
117 146
136 159
15 98
21 29
98 132
89 163
2 15
15 134
8 95
32 43
91 129
3 16
29 154
75 121
33 124
16 71
17 36
2 136
116 158
1 91
88 96
139 141
78 131
3 137
26 120
27 85
119 168
39 59
91 106
83 102
8 108
13 43
112 165
23 87
116 135
95 112
74 138
9 45
108 167
68 94
15 88
66 170
50 82
2 5
7 120
134 161
40 117
60 95
6 124
30 103
17 170
104 138
123 151
29 144
73 150
93 128
5 15
37 84
66 147
6 16
38 85
58 63
35 159
42 55
100 145
9 143
2 18
6 137
44 100
24 42
2 103
108 121
81 167
22 81
93 141
51 144
96 152
160 167
1 143
70 130
42 68
29 98
20 49
9 156
61 166
62 131
93 118
53 82
31 143
51 121
9 12
103 168
18 60
138 162
97 124
30 34
16 136
59 134
71 108
58 138
1 12
60 98
27 150
13 23
53 59
10 97
16 28
3 58
81 157
54 140
26 41
12 143
31 156
4 139
51 134
24 117
97 101
3 94
43 130
126 164
19 38
90 98
82 94
21 84
40 97
141 149
152 158
44 67
23 44
123 131
50 147
80 169
22 48
54 117
73 130
53 72
66 91
137 151
84 145
54 153
7 41
66 127
12 156
43 143
76 140
29 65
47 113
140 161
65 167
111 134
4 8
7 162
1 2
73 107
19 136
51 88
14 57
12 133
31 146
70 74
28 77
13 134
126 154
17 104
76 153
82 84
69 114
80 123
41 52
6 94
133 135
79 164
61 146
22 38
19 149
66 81
11 145
85 94
75 166
103 148
55 71
114 157
106 153
78 91
70 87
36 94
109 164
80 100
132 147
111 124
81 101
27 130
73 97
144 157
94 156
7 8
