223 13106
165 216
206 217
44 155
104 206
123 219
35 106
76 107
62 209
81 222
34 147
53 160
139 163
180 201
199 214
97 166
9 90
50 91
69 104
14 168
129 155
74 219
148 168
160 222
113 147
27 107
13 209
151 173
44 47
90 163
150 214
62 101
7 165
48 166
153 219
20 104
106 107
92 209
6 169
111 222
4 96
23 109
83 160
143 174
41 163
25 155
99 104
44 168
13 101
104 219
57 107
117 158
62 222
29 45
34 160
120 163
139 176
37 165
78 166
4 217
97 179
36 169
110 118
96 220
55 182
69 117
8 107
113 160
154 161
13 222
173 174
11 112
90 176
131 177
84 102
103 115
122 128
87 107
106 120
166 171
4 109
45 110
105 161
124 174
96 112
22 126
127 179
25 168
66 169
85 182
38 107
98 121
84 223
15 123
101 126
120 176
18 128
59 166
119 180
31 67
17 169
91 118
36 182
110 131
55 195
3 5
163 223
94 123
154 174
173 187
11 125
112 177
131 190
84 115
1 80
45 123
105 174
31 188
17 61
58 62
108 179
149 180
85 195
38 120
79 121
10 21
142 177
161 190
59 179
100 180
31 80
58 183
3 18
61 188
135 137
94 136
33 126
52 139
179 180
112 190
5 27
65 78
10 142
115 195
109 121
54 185
68 83
114 199
67 124
26 86
86 137
31 201
3 139
130 180
149 193
61 80
121 131
88 183
126 209
19 83
24 198
65 199
63 126
82 139
142 190
183 191
202 204
40 142
26 207
100 193
12 80
72 94
58 196
61 201
135 150
195 201
19 204
179 193
5 40
46 78
32 143
51 156
137 196
49 83
95 199
86 150
53 202
70 142
130 193
56 207
89 155
171 194
9 132
42 80
28 145
47 158
107 209
46 199
151 215
13 22
32 35
63 139
104 140
123 153
16 27
183 204
21 142
7 207
81 156
125 199
39 159
72 107
56 99
42 201
28 37
14 102
74 153
19 217
60 218
13 143
51 169
178 210
35 161
136 213
48 100
34 202
53 215
20 38
92 143
37 207
39 51
56 220
23 43
83 94
69 159
129 210
148 223
41 97
146 150
113 202
104 153
145 154
90 218
16 40
208 210
122 170
20 159
125 212
166 213
37 99
97 113
83 215
41 218
160 169
25 210
44 223
159 210
11 46
16 161
117 213
76 175
29 100
34 215
120 218
20 51
92 156
37 220
111 169
78 221
212 221
23 56
110 173
22 60
41 110
8 162
113 215
71 218
145 167
2 118
43 119
29 221
84 157
103 170
122 183
87 162
18 62
4 164
78 113
105 216
64 178
138 164
97 126
50 51
36 116
108 221
99 172
140 173
159 223
52 60
38 162
29 113
15 178
1 14
6 129
152 183
105 108
91 173
110 186
3 60
108 113
8 175
94 178
66 116
167 168
30 193
38 54
84 170
103 183
15 70
87 175
106 188
147 189
100 114
45 178
119 127
17 116
163 170
182 183
140 186
33 60
52 73
38 175
98 189
10 76
15 191
101 194
54 119
18 196
174 184
45 70
31 135
91 186
3 73
75 178
47 79
107 130
24 132
10 197
189 199
1 148
128 189
147 202
40 76
100 127
86 192
119 140
12 14
3 194
89 197
42 122
80 148
162 187
33 73
19 138
79 189
165 192
10 89
95 133
114 146
174 197
12 135
31 148
72 149
177 202
70 76
75 191
116 192
135 205
28 79
47 92
93 208
19 30
46 133
65 146
10 210
51 211
49 138
68 151
7 141
40 89
26 154
86 205
172 208
125 133
42 135
28 200
102 149
47 213
61 148
181 213
14 36
19 151
60 152
93 100
5 216
32 90
63 194
137 143
104 195
123 208
21 197
95 146
40 210
81 211
155 197
7 33
34 136
67 84
72 162
70 89
116 205
9 79
28 92
129 144
74 208
148 157
132 149
32 211
151 162
35 216
150 203
169 216
26 167
172 221
39 106
70 210
144 159
125 146
23 98
102 162
143 163
14 49
41 152
146 205
60 165
206 219
13 90
104 208
164 222
16 95
2 160
76 109
35 108
34 149
20 214
180 203
199 216
6 50
97 168
157 219
9 92
50 93
14 170
27 109
113 149
25 36
44 49
71 152
30 114
90 165
150 216
2 52
29 155
153 221
194 222
6 171
4 98
64 112
50 214
9 213
83 162
55 63
187 219
99 106
44 170
118 119
85 171
38 96
2 173
139 178
59 155
4 219
138 219
36 171
110 120
55 184
96 222
8 109
94 112
154 163
173 176
11 114
30 127
112 166
131 179
217 219
84 104
175 222
87 109
4 111
45 112
105 163
64 125
124 176
36 63
108 168
25 170
15 125
1 190
161 179
18 130
78 181
31 69
91 120
110 133
3 7
80 190
154 176
33 115
112 179
24 66
43 79
84 117
115 184
54 174
87 122
73 187
1 82
86 126
105 176
31 190
58 64
3 128
108 181
61 69
66 184
107 185
19 72
24 187
43 200
63 115
1 203
54 66
17 184
72 83
135 139
176 177
93 142
179 182
46 67
5 29
65 80
10 144
156 198
49 72
68 85
54 187
114 201
31 203
72 204
191 192
70 131
89 144
190 196
107 198
126 211
19 85
5 150
79 136
82 141
49 193
68 206
183 193
123 142
202 206
21 131
26 209
141 196
100 195
53 83
58 198
56 88
116 139
135 152
102 204
176 190
14 91
93 155
179 195
5 42
46 80
65 93
137 198
51 158
49 85
68 98
114 214
67 139
53 204
72 217
20 27
39 40
70 144
56 209
171 196
23 32
190 209
88 198
129 199
148 212
41 86
60 99
5 163
46 201
65 214
132 204
13 24
44 91
123 155
68 219
16 29
21 144
26 222
141 209
53 96
39 161
37 88
97 102
14 104
41 207
60 220
13 145
32 158
159 199
51 171
44 212
118 161
30 48
178 212
90 99
16 150
95 214
48 102
134 142
53 217
20 40
6 105
92 145
37 209
39 53
4 32
97 223
23 45
9 147
83 96
69 161
129 212
27 164
113 204
132 217
25 91
44 104
30 169
71 207
104 155
16 42
2 107
62 158
48 223
122 172
208 212
39 174
166 215
18 51
37 101
124 218
157 166
55 118
96 156
127 223
27 56
99 161
159 212
118 174
30 61
71 99
117 215
34 217
120 220
1 3
37 222
152 172
212 223
50 161
8 164
27 177
154 218
113 217
25 104
11 169
85 118
71 220
15 59
1 124
18 64
4 166
23 179
64 180
17 105
96 169
108 223
55 131
8 56
99 174
140 175
38 164
112 113
57 177
15 180
73 121
133 172
45 59
105 110
3 62
108 115
8 177
22 75
11 182
167 170
38 56
170 175
45 180
119 129
58 119
3 183
61 124
121 175
181 189
52 75
38 177
79 178
98 191
10 78
15 193
73 134
18 198
114 135
174 186
31 137
158 178
91 188
177 191
75 180
135 194
47 81
33 183
52 196
126 145
24 134
10 199
109 178
26 143
100 129
86 194
12 16
3 196
77 145
61 137
80 150
162 189
181 202
74 76
79 191
32 79
82 196
101 209
35 84
95 135
40 199
114 148
155 186
67 73
12 137
53 138
177 204
116 194
135 207
9 68
47 94
88 132
107 145
5 97
46 135
49 140
109 191
150 192
68 153
169 205
62 79
81 92
141 143
86 207
39 95
70 199
144 148
89 212
125 135
42 137
28 202
102 151
47 215
162 202
14 38
74 89
19 153
60 154
5 218
146 194
104 197
51 105
123 210
35 97
95 148
40 212
139 154
72 164
180 192
199 205
37 143
116 207
157 208
69 95
14 159
74 210
160 213
93 223
148 159
46 148
151 164
192 202
16 205
90 154
49 153
35 218
7 156
134 197
172 223
20 95
125 148
70 212
111 213
4 87
9 202
41 154
60 167
25 146
13 92
123 223
16 97
57 98
117 149
136 162
29 36
120 154
139 167
180 205
199 218
6 52
78 157
97 170
138 208
50 95
69 108
8 98
113 151
11 103
30 116
131 168
43 55
134 210
175 211
87 98
20 108
106 111
6 173
23 113
9 215
50 216
124 165
17 39
143 178
55 65
41 167
96 103
187 221
25 159
99 108
44 172
38 98
57 111
2 175
117 162
76 124
29 49
120 167
6 65
59 157
78 170
205 211
138 221
97 183
18 119
17 160
36 173
55 186
8 111
94 114
154 165
173 178
11 116
38 219
112 168
217 221
43 68
29 170
115 173
87 111
73 176
6 186
64 127
124 178
17 52
36 65
22 130
66 173
126 187
38 111
79 112
24 176
98 125
10 12
142 168
1 192
161 181
59 170
100 171
12 58
31 71
17 173
91 122
77 187
154 178
112 181
10 133
115 186
68 74
54 176
109 112
86 128
130 171
168 197
61 71
80 84
126 200
19 74
65 190
98 138
63 117
82 130
101 143
1 205
21 120
40 133
100 184
119 197
12 71
31 84
58 187
42 179
61 192
176 179
135 141
19 195
93 144
65 82
51 147
137 187
49 74
68 87
54 189
128 138
114 203
26 90
67 128
86 141
31 205
72 206
70 133
28 136
47 149
107 200
148 201
19 87
151 206
49 195
183 195
16 18
202 208
81 147
141 198
72 98
58 200
37 77
56 90
42 192
116 141
102 206
14 93
74 144
179 197
60 209
32 147
51 160
137 200
178 201
197 214
114 216
67 141
26 103
34 193
72 219
20 29
70 146
111 147
23 34
9 136
83 85
28 149
88 200
129 201
46 203
5 165
151 219
104 144
49 208
90 209
141 211
20 150
125 203
144 216
37 90
23 155
143 220
14 106
96 145
41 209
60 222
8 32
27 45
159 201
118 163
11 37
178 214
71 88
16 152
150 152
134 144
34 206
120 209
153 157
20 42
37 211
111 160
69 163
129 214
215 217
113 206
27 166
173 220
44 106
85 107
90 222
62 160
15 48
106 166
18 53
23 168
96 158
41 222
201 211
8 45
25 214
99 163
159 214
200 215
11 50
71 101
57 166
76 179
117 217
29 104
15 169
48 117
120 222
1 5
6 120
18 174
133 161
152 174
45 48
69 176
110 177
196 217
8 166
113 219
154 220
71 222
112 223
30 184
38 45
24 110
103 174
1 126
87 166
59 104
78 117
105 220
17 107
36 120
77 121
22 185
80 126
52 64
112 115
184 220
98 180
15 182
101 185
1 18
73 123
18 187
45 61
31 126
91 177
22 77
75 169
94 182
8 179
66 120
52 185
167 172
24 123
84 174
87 179
45 182
64 195
17 120
3 185
22 198
61 126
121 177
33 64
101 198
54 123
73 136
114 137
40 188
174 188
193 201
31 139
72 140
177 193
135 196
88 121
47 83
33 185
107 134
167 185
93 199
19 21
46 124
10 201
109 180
68 142
147 206
40 80
100 131
67 183
26 145
70 188
3 198
102 140
47 204
162 191
14 27
74 78
165 196
32 81
82 198
35 86
114 150
67 75
26 37
158 193
56 145
116 196
9 70
88 134
14 148
129 135
74 199
47 96
5 99
32 202
151 153
109 193
150 194
169 207
21 80
26 158
141 145
125 137
83 140
28 204
102 153
47 217
162 204
41 143
74 91
165 209
206 210
13 81
32 94
63 198
44 148
104 199
35 99
136 151
7 37
139 156
39 218
6 41
218 220
56 158
157 210
50 84
129 148
74 212
148 161
160 215
32 215
16 207
90 156
35 220
62 94
48 159
20 97
125 150
39 110
111 215
4 89
23 102
9 204
143 167
36 41
41 156
127 159
60 169
187 210
206 223
25 148
44 161
104 212
16 99
57 100
2 164
76 113
117 151
136 164
34 153
120 156
4 210
97 172
157 223
50 97
69 110
110 111
55 175
96 213
27 113
13 215
113 153
25 40
11 105
16 220
57 221
131 170
90 169
2 56
84 95
29 159
134 212
175 213
87 100
1 60
106 113
6 175
92 215
4 102
64 116
50 218
105 154
17 41
22 119
55 67
127 172
96 105
187 223
25 161
99 110
38 100
57 113
84 216
87 221
59 159
4 223
18 121
205 213
31 60
91 111
36 175
110 124
8 113
94 116
154 167
11 118
52 119
112 170
131 183
24 57
115 175
87 113
105 167
22 132
149 173
108 172
85 188
126 189
38 113
98 127
43 191
142 170
1 194
101 132
59 172
119 186
31 73
61 181
94 129
33 119
65 71
115 188
156 189
73 191
114 192
26 79
58 68
89 135
168 199
80 86
47 138
126 202
19 76
79 127
65 192
63 119
68 197
183 184
40 135
100 186
12 73
53 74
77 202
42 181
61 194
80 207
74 133
19 197
93 146
198 199
46 71
5 33
10 148
51 149
137 189
156 202
54 191
114 205
26 92
12 194
53 195
89 148
171 187
130 186
42 73
88 189
107 202
19 89
60 90
46 192
5 154
13 15
104 133
49 197
16 20
183 197
21 135
7 200
81 149
26 213
34 74
39 152
72 100
144 205
125 192
37 79
42 194
116 143
9 17
28 30
46 84
137 202
51 162
178 203
197 216
49 89
95 205
48 93
53 208
139 211
20 31
39 44
37 200
92 136
4 23
171 200
190 213
28 151
14 216
5 167
13 28
151 221
104 146
90 211
2 98
122 163
20 152
125 205
39 165
37 92
78 93
23 157
97 106
83 208
102 221
14 108
96 147
160 162
32 162
159 203
11 39
178 216
30 52
71 90
35 167
76 168
2 219
136 219
117 206
20 44
111 162
152 163
78 214
212 214
50 152
69 165
196 206
41 103
113 208
27 168
132 221
25 95
11 160
85 109
2 111
29 214
103 163
208 216
122 176
15 50
20 165
106 168
166 219
23 170
105 209
138 157
97 119
36 109
108 214
8 47
25 216
159 216
200 217
38 155
71 103
76 181
117 219
203 222
29 106
15 171
73 112
18 176
133 163
152 176
45 50
91 166
110 179
196 219
3 53
22 66
8 168
27 181
154 222
66 109
11 173
30 186
38 47
24 112
103 176
15 63
1 128
106 181
188 220
59 106
100 107
4 170
17 109
3 174
77 123
140 179
33 53
52 66
38 168
184 222
115 122
1 20
73 125
12 115
110 192
66 122
52 187
126 136
186 187
24 125
65 126
170 179
189 192
68 131
87 181
58 123
89 190
22 200
42 115
80 141
181 193
33 66
19 131
79 182
98 195
10 82
51 83
63 174
101 200
54 125
155 177
31 141
158 182
28 72
88 123
33 187
52 200
65 139
10 203
51 204
109 182
68 144
128 195
169 196
21 69
40 82
81 83
67 185
26 147
7 134
172 201
58 136
42 128
61 141
28 193
47 206
14 29
181 206
74 80
165 198
32 83
63 187
35 88
81 204
155 190
53 142
72 155
70 82
56 147
116 198
9 72
28 85
88 136
129 137
74 201
93 214
5 101
132 142
151 155
49 144
90 145
150 196
2 32
62 83
7 147
67 198
153 201
26 160
172 214
39 99
111 204
23 91
28 206
47 219
146 198
5 222
60 158
165 211
13 83
32 96
44 150
164 215
35 101
2 153
21 203
136 153
81 217
62 204
120 145
180 196
218 222
37 147
138 199
9 85
50 86
69 99
129 150
55 164
160 217
27 102
13 204
25 29
118 220
30 107
71 145
90 158
76 223
2 45
29 148
48 161
20 99
92 204
6 164
39 112
111 217
4 91
9 206
124 156
69 220
143 169
55 56
41 158
27 223
44 163
145 215
38 89
76 115
62 217
136 166
15 105
106 223
18 110
97 174
138 212
50 99
36 164
27 115
154 156
13 217
99 220
11 107
30 120
16 222
57 223
24 46
29 161
103 110
48 174
87 102
92 217
133 218
6 177
64 118
50 220
124 169
36 56
22 121
127 174
25 163
57 115
24 167
15 118
101 121
1 183
78 174
31 62
91 113
36 177
110 126
163 218
75 105
94 118
154 169
11 120
52 121
38 223
131 185
24 59
45 118
64 131
61 62
66 177
19 65
79 116
98 129
101 134
142 172
54 59
40 124
17 177
77 191
75 118
61 183
80 196
52 134
93 135
5 22
46 60
65 73
137 178
49 65
68 78
54 180
128 129
114 194
86 132
31 196
70 124
58 70
130 175
42 62
88 178
46 181
5 143
63 121
49 186
21 124
40 137
100 188
141 189
12 75
72 89
58 191
144 194
56 81
116 132
102 197
19 199
179 188
93 148
32 138
137 191
197 205
68 91
109 129
95 194
114 207
7 81
26 94
67 132
53 197
72 210
70 137
89 150
56 202
171 189
23 25
88 191
129 192
148 205
41 79
5 156
46 194
65 207
13 17
151 210
123 148
183 199
62 138
7 202
81 151
141 202
34 76
39 154
144 207
185 208
37 81
56 94
102 210
14 97
60 213
27 36
13 138
32 151
51 164
178 205
71 79
16 143
95 207
136 208
7 94
134 135
48 95
92 138
56 215
171 202
9 140
83 89
28 153
148 218
41 92
27 157
60 105
132 210
25 84
151 223
30 162
104 148
90 213
16 35
2 100
7 215
48 216
122 165
81 164
34 89
20 154
39 167
166 208
185 221
4 146
23 159
83 210
157 159
127 216
13 151
99 154
118 167
71 92
16 156
57 157
30 54
76 170
2 221
136 221
48 108
34 210
92 151
111 164
152 165
212 216
69 167
215 221
8 157
113 210
154 211
66 98
85 111
164 175
2 113
29 216
103 165
15 52
87 157
1 117
106 170
20 167
166 221
207 222
18 57
59 95
105 211
64 173
17 98
96 162
22 176
55 124
140 168
200 219
52 55
57 170
15 173
1 9
59 216
45 52
64 65
17 219
94 173
11 175
52 176
85 124
24 114
84 165
103 178
1 130
87 170
106 183
147 184
188 222
59 108
100 109
45 173
119 122
58 112
3 176
163 165
22 189
61 117
33 55
38 170
10 71
91 181
177 184
94 186
88 112
107 125
167 176
126 138
65 128
10 192
109 171
147 197
21 58
40 71
26 136
86 187
3 189
77 138
89 192
80 143
47 195
121 181
79 184
165 187
10 84
51 85
82 189
21 179
95 128
54 127
72 144
177 197
116 187
74 190
107 138
65 141
51 206
49 133
169 198
62 72
172 203
125 128
39 88
70 192
83 131
47 208
14 31
146 187
5 211
104 190
51 98
137 138
21 192
40 205
136 142
81 206
7 28
53 144
72 157
37 136
116 200
157 201
9 74
28 87
113 131
46 141
132 144
151 157
16 198
90 147
150 198
169 211
7 149
48 150
134 190
153 203
172 216
39 101
125 141
9 195
83 144
28 208
102 157
69 209
41 147
146 200
60 160
13 85
123 216
164 217
2 155
117 142
76 104
81 219
122 220
34 144
139 160
180 198
39 222
37 149
97 163
138 201
69 101
14 165
96 204
129 152
160 219
55 166
8 91
113 144
27 104
99 209
32 219
25 31
11 96
30 109
16 211
71 147
90 160
43 48
29 150
134 203
194 217
92 206
111 219
152 220
23 106
9 208
50 209
124 158
17 32
108 150
127 163
25 152
99 101
85 166
38 91
57 104
2 168
76 117
117 155
103 220
29 42
20 222
6 58
59 150
78 163
18 112
138 214
97 176
91 102
36 166
96 217
182 220
8 104
27 117
154 158
38 212
112 161
71 160
131 174
24 48
43 61
29 163
87 104
73 169
92 219
133 220
6 179
105 158
124 171
3 110
36 58
127 176
85 179
38 104
98 118
84 220
43 182
100 164
119 177
12 51
163 220
75 107
94 120
154 171
121 223
33 110
52 123
112 174
24 61
115 179
1 77
73 182
45 120
31 185
58 59
3 123
89 126
42 51
168 190
66 179
79 118
24 182
98 131
10 18
82 123
101 136
54 61
100 177
31 77
72 78
77 193
42 172
61 185
80 198
33 123
52 136
93 137
5 24
46 62
65 75
10 139
137 180
51 140
156 193
68 80
114 196
7 70
26 83
12 185
86 134
31 198
58 72
190 191
47 142
107 193
65 196
151 199
63 123
82 136
68 201
58 193
144 196
37 70
56 83
42 185
61 198
176 185
14 86
19 201
93 150
46 75
5 37
137 193
197 207
7 83
26 96
53 199
70 139
171 191
190 204
23 27
47 155
88 193
14 207
148 207
41 81
60 94
46 196
132 199
5 158
13 19
104 137
49 201
68 214
16 24
35 37
21 139
62 140
7 204
81 153
26 217
34 78
20 143
125 196
39 156
185 210
56 96
83 199
102 212
14 99
74 150
41 202
60 215
8 25
13 140
32 153
44 207
30 43
16 145
71 81
76 159
136 210
29 84
134 137
34 199
139 215
6 100
37 204
97 218
4 27
171 204
9 142
23 40
14 220
129 207
41 94
113 199
27 159
44 99
71 202
145 151
2 102
7 217
48 218
20 156
166 210
185 223
18 46
78 97
23 161
138 148
124 213
36 100
55 113
96 151
160 166
127 218
8 38
27 51
25 207
44 220
118 169
159 207
11 43
200 208
71 94
2 223
76 172
203 213
117 210
29 97
15 162
48 110
120 215
6 113
133 154
78 218
4 40
212 218
69 169
36 221
215 223
8 159
113 212
27 172
25 99
30 177
103 167
15 54
1 119
87 159
106 172
18 59
78 110
105 213
17 100
36 113
108 218
96 164
25 220
99 169
140 170
80 119
200 221
38 159
57 172
98 173
184 213
10 60
142 216
1 11
54 103
73 116
59 218
18 180
152 180
17 221
3 57
75 162
108 110
107 114
24 116
10 181
84 167
1 132
40 60
100 111
64 188
77 127
22 191
121 170
80 132
140 183
181 184
33 57
19 122
52 70
54 116
40 181
114 130
73 129
193 194
12 119
31 132
158 173
72 133
75 175
94 188
135 189
88 114
47 76
33 178
107 127
167 178
10 194
170 183
128 186
67 176
100 124
86 189
70 181
58 127
89 194
121 183
47 197
162 184
14 20
5 200
63 178
51 87
40 194
7 17
67 68
26 30
53 133
70 73
56 138
9 63
47 89
33 191
93 205
46 130
5 92
32 195
49 135
109 186
169 200
21 73
62 74
153 192
86 202
39 90
70 194
125 130
89 207
9 184
83 133
42 132
28 197
14 33
74 84
146 189
5 213
63 191
104 192
123 205
16 79
21 194
95 143
81 208
7 30
34 133
139 149
39 211
56 151
97 152
157 203
14 154
132 146
192 197
51 221
118 211
71 136
16 200
90 149
150 200
62 87
81 100
153 205
20 90
23 95
83 146
124 147
69 211
143 160
146 202
187 203
27 214
206 216
13 87
44 154
30 219
145 206
164 219
16 92
57 93
2 157
76 106
122 222
34 146
20 211
180 200
139 162
6 47
37 151
4 203
23 216
157 216
55 168
96 206
160 221
8 93
13 208
11 98
57 214
90 162
2 49
43 50
134 205
194 219
1 53
87 93
92 208
6 168
111 221
4 95
64 109
105 147
124 160
50 211
55 60
22 112
96 98
8 214
66 155
38 93
57 106
2 170
117 157
84 209
103 222
15 109
120 162
18 114
78 165
138 216
91 104
55 181
182 222
94 109
154 160
11 111
52 112
38 214
24 50
43 63
29 165
115 168
175 219
6 181
64 122
17 47
108 165
209 217
66 168
126 182
79 107
24 171
98 120
84 222
82 112
15 122
1 187
18 127
100 166
119 179
12 53
31 66
17 168
163 222
94 122
80 187
52 125
24 63
10 128
115 181
156 182
54 171
73 184
12 174
31 187
89 128
61 66
88 169
65 185
63 112
82 125
101 138
68 190
142 176
40 128
12 66
53 67
72 80
58 182
144 185
42 174
75 122
61 187
135 136
80 200
33 125
74 126
93 139
46 64
65 77
51 142
137 182
156 195
49 69
109 120
95 185
114 198
7 72
26 85
12 187
86 136
67 123
70 128
171 180
28 131
47 144
107 195
19 82
46 185
5 147
65 198
63 125
123 139
68 203
183 190
7 193
81 142
40 141
34 67
39 145
144 198
37 72
56 85
116 136
9 10
14 88
19 203
5 39
13 129
32 142
46 77
137 195
178 196
197 209
49 82
35 147
7 85
48 86
34 188
20 24
70 141
111 142
171 193
23 29
129 196
148 209
60 96
46 198
132 201
113 188
44 88
49 203
123 152
90 204
2 91
62 142
7 206
34 80
125 198
185 212
37 85
78 86
23 150
97 99
143 215
14 101
41 204
60 217
8 27
13 142
32 155
118 158
44 209
178 209
11 32
90 96
2 212
117 199
136 212
29 86
134 139
34 201
120 204
139 217
6 102
4 29
97 220
23 42
9 144
69 158
8 148
27 161
132 214
25 88
44 101
71 204
90 217
164 166
2 104
43 105
29 207
48 220
106 161
166 212
59 86
4 150
23 163
64 164
124 215
17 89
41 217
8 40
27 53
99 158
118 171
30 58
38 148
71 96
76 174
117 212
203 215
29 99
15 164
120 217
73 105
59 207
92 155
78 220
50 158
91 159
36 223
22 59
94 164
27 174
66 102
11 166
112 218
43 118
29 220
115 223
84 156
87 161
1 121
106 174
59 99
45 164
64 177
191 218
17 102
36 115
25 222
66 223
80 121
121 159
33 46
38 161
98 175
101 180
1 13
73 118
18 182
31 121
17 223
91 172
110 185
75 164
22 72
94 177
33 167
66 115
52 180
10 183
84 169
1 134
147 188
45 177
58 116
89 183
163 169
61 121
121 172
80 134
33 59
52 72
98 188
10 75
51 76
82 180
101 193
54 118
95 119
40 183
174 183
12 121
31 134
158 175
72 135
177 188
116 178
28 65
88 116
107 129
52 193
167 180
5 81
46 119
51 197
68 137
109 175
169 189
21 62
40 75
26 140
67 178
86 191
172 194
58 129
89 196
28 186
102 135
162 186
14 22
181 199
146 178
5 202
165 191
79 188
32 76
123 194
21 183
95 132
81 197
155 183
7 19
26 32
34 122
53 135
158 188
70 75
37 127
135 204
14 143
129 130
74 194
93 207
46 132
5 94
49 137
90 138
109 188
150 189
35 202
21 75
7 140
81 89
67 191
153 194
20 79
125 132
70 196
39 92
23 84
28 199
102 148
47 212
143 149
14 35
41 138
146 191
165 204
13 76
32 89
44 143
164 208
16 81
76 95
136 146
81 210
34 135
20 200
180 189
39 213
53 148
9 78
50 79
14 156
74 207
160 210
113 135
118 213
192 199
30 100
90 151
35 215
76 216
2 38
62 89
48 154
194 208
20 92
92 197
4 84
9 199
50 200
69 213
41 151
127 154
187 205
206 218
13 89
25 143
30 221
145 208
164 221
16 94
117 146
62 210
120 151
20 213
59 141
4 205
6 49
23 218
138 205
157 218
36 157
55 170
160 223
8 95
11 100
30 113
112 152
57 216
16 215
84 90
115 157
175 208
1 55
92 210
133 211
45 98
64 111
124 162
17 36
22 114
8 216
187 218
25 156
66 157
11 221
145 221
38 95
2 172
43 173
18 116
59 154
78 167
119 168
205 208
45 219
31 55
91 106
36 170
163 211
96 221
55 183
75 98
8 108
112 165
217 218
24 52
43 65
115 170
216 222
1 68
87 108
105 162
17 49
108 167
149 168
168 181
66 170
19 58
38 108
43 186
82 114
101 127
142 165
161 178
100 168
119 181
12 55
91 119
58 171
75 111
94 124
61 176
5 15
156 184
54 173
114 187
67 112
12 176
86 125
31 189
26 74
3 127
89 130
130 168
149 181
42 55
61 68
47 133
19 71
5 136
26 195
141 182
53 69
58 184
77 197
42 176
135 138
33 127
74 128
19 192
93 141
46 66
32 131
68 84
114 200
7 74
53 190
56 195
171 182
89 143
190 195
9 120
130 181
28 133
42 68
47 146
148 198
60 85
151 203
44 77
49 192
68 205
21 130
81 144
26 208
141 195
34 69
53 82
39 147
125 187
37 74
116 138
9 12
102 203
19 205
60 206
159 185
118 147
178 198
71 72
197 211
35 149
95 200
136 201
48 88
34 190
53 203
72 216
92 131
111 144
56 208
4 18
171 195
9 133
69 147
60 98
132 203
44 90
104 141
30 155
90 206
16 28
62 144
7 208
81 157
34 82
20 147
166 201
185 214
37 87
78 88
23 152
138 139
97 101
102 216
36 91
55 104
41 206
60 219
8 29
13 144
99 147
44 211
159 198
30 47
16 149
90 98
71 85
117 201
136 214
134 141
34 203
139 219
92 144
37 208
78 209
152 158
111 157
23 44
50 147
110 161
196 201
27 163
173 217
25 90
11 155
85 104
71 206
145 155
164 168
43 107
84 145
103 158
48 222
122 171
208 211
106 163
166 214
59 88
78 101
23 165
64 166
17 91
36 104
55 117
41 219
127 222
96 155
8 42
99 160
200 212
11 47
117 214
203 217
76 176
29 101
15 166
161 220
1 2
73 107
59 209
133 158
78 222
152 171
18 171
50 160
196 214
110 174
22 61
8 163
94 166
11 168
52 169
71 219
112 220
38 42
24 107
43 120
29 222
84 158
103 171
87 163
1 123
106 176
147 177
18 63
45 166
64 179
17 104
58 105
3 169
61 110
80 123
121 161
140 174
52 61
184 217
115 117
15 179
142 220
54 107
18 184
100 223
133 171
31 123
94 179
88 105
167 169
10 185
109 164
1 136
128 177
100 115
45 179
86 180
77 131
130 223
163 171
89 185
42 110
47 188
121 174
80 136
162 175
79 177
165 180
82 182
101 195
174 185
158 177
72 137
177 190
135 193
88 118
47 80
74 183
5 83
65 134
49 126
109 177
169 191
40 77
26 142
67 180
172 196
39 81
42 123
102 137
47 201
181 201
14 24
74 75
19 139
146 180
60 140
165 193
5 204
32 78
63 182
51 91
123 196
155 185
53 137
72 150
39 202
116 193
157 194
9 67
129 132
74 196
160 199
13 186
46 134
132 137
16 191
90 140
2 27
169 204
62 78
7 142
67 193
39 94
125 134
23 86
9 188
83 137
102 150
187 194
206 207
32 91
123 209
16 83
35 96
76 97
62 199
136 148
122 213
20 202
180 191
199 204
9 80
50 81
55 159
160 212
27 97
13 199
32 212
11 89
90 153
2 40
62 91
48 156
194 210
92 199
111 212
4 86
23 99
105 138
50 202
17 25
36 38
41 153
127 156
8 205
44 158
85 159
38 84
164 223
2 161
103 213
29 35
15 100
20 215
180 204
4 207
23 220
182 213
94 100
27 110
99 215
11 102
71 153
57 218
131 167
24 41
29 156
115 159
48 169
194 223
87 97
106 110
6 172
45 100
64 113
50 215
91 216
124 164
3 103
108 156
8 218
127 169
168 170
22 116
94 221
66 159
85 172
38 97
43 175
1 178
161 167
18 118
4 220
205 210
119 170
31 57
17 159
91 108
163 213
77 173
75 100
94 113
154 164
33 103
38 218
84 105
115 172
87 110
45 113
3 116
89 119
130 157
149 170
42 44
66 172
107 173
126 186
24 175
43 188
10 11
63 103
82 116
1 191
40 119
205 223
17 172
77 186
75 113
33 116
46 55
51 133
137 173
156 186
109 111
54 175
114 189
7 63
67 114
12 178
86 127
26 76
31 191
58 65
70 119
130 170
89 132
149 183
28 122
47 135
107 186
46 176
40 132
81 133
34 58
53 71
72 84
42 178
116 127
102 192
176 178
14 79
74 130
19 194
179 183
93 143
46 68
32 133
51 146
49 73
109 124
95 189
7 76
26 89
67 127
53 192
12 191
56 197
171 184
190 197
9 122
88 186
129 187
148 200
41 74
60 87
5 151
104 130
123 143
62 133
7 197
34 71
20 136
39 149
185 203
37 76
23 141
42 191
83 192
102 205
9 14
60 208
27 31
13 133
118 149
159 187
71 74
16 138
35 151
76 152
95 202
48 90
20 28
6 93
39 41
111 146
56 210
97 211
37 197
23 33
50 136
83 84
14 213
25 79
44 92
104 143
30 157
16 30
7 210
48 211
103 147
106 152
39 162
185 216
4 141
78 90
138 141
83 205
36 93
96 144
41 208
55 106
60 221
127 211
27 44
13 146
99 149
44 213
118 162
25 200
11 36
30 49
57 152
76 165
29 90
48 103
120 208
78 211
152 160
4 33
50 149
36 214
110 163
196 203
22 50
113 205
27 165
173 219
66 93
11 157
85 106
71 208
131 222
84 147
29 211
122 173
1 112
87 152
166 216
207 217
59 90
4 154
78 103
105 206
210 222
22 171
25 213
200 214
11 49
38 152
57 165
184 206
203 219
10 53
15 168
101 171
120 221
161 222
1 4
54 96
59 211
152 173
31 112
17 214
110 176
196 216
3 50
75 155
154 219
52 171
24 109
84 160
43 122
40 53
100 104
45 168
17 106
58 107
3 171
77 120
80 125
52 63
38 165
98 179
184 219
10 66
142 222
101 184
114 123
155 161
12 112
31 125
158 166
177 179
94 181
135 182
176 220
88 107
33 171
107 120
93 185
167 171
109 166
146 203
21 53
40 66
100 117
67 169
86 182
70 174
162 177
165 182
63 171
51 80
82 184
35 72
21 174
40 187
114 136
53 126
72 139
9 56
88 120
47 82
74 185
93 198
46 123
65 136
32 188
51 201
49 128
68 141
150 180
109 179
21 66
153 185
172 198
39 83
70 187
89 200
42 125
9 177
28 190
47 203
5 206
32 80
123 198
16 72
136 137
34 126
53 139
72 152
39 204
6 27
37 131
56 144
9 69
28 82
69 83
14 147
74 198
160 201
113 126
13 188
27 86
32 201
118 204
51 214
30 91
35 206
150 193
62 80
134 185
81 93
153 198
172 211
20 83
111 201
4 75
9 190
83 139
28 203
143 153
41 142
187 196
25 134
16 85
136 150
122 215
34 139
20 204
180 193
6 40
37 144
23 209
97 158
157 209
50 83
69 96
96 199
55 161
160 214
27 99
13 201
99 204
118 217
11 91
90 155
131 156
152 215
64 102
105 140
69 217
17 27
36 40
108 145
187 209
44 160
38 86
2 163
43 164
117 150
76 112
15 102
120 155
106 220
18 107
59 145
4 209
64 223
17 148
91 97
36 161
50 96
55 174
96 212
99 217
11 104
52 105
38 207
112 156
57 220
24 43
15 223
175 212
87 99
1 59
106 112
6 174
17 40
3 105
108 158
22 118
94 223
66 161
126 175
79 100
24 164
98 113
43 177
84 215
82 105
142 156
161 169
18 120
100 159
45 223
119 172
91 110
36 174
77 175
80 180
121 218
33 105
10 121
115 174
156 175
54 164
12 167
86 116
31 180
75 223
168 185
79 113
98 126
65 178
63 105
142 169
109 221
54 56
21 108
119 185
12 59
72 73
58 175
77 188
75 115
61 180
74 119
93 132
46 57
10 134
137 175
156 188
109 113
68 75
95 178
114 191
26 78
89 134
47 137
88 175
107 188
148 189
19 75
5 140
65 191
49 183
68 196
40 134
81 135
34 60
53 73
58 188
144 191
56 78
42 180
102 194
93 145
13 122
5 32
32 135
46 70
51 148
137 188
197 202
16 127
35 140
7 78
34 181
72 207
56 199
171 186
190 199
28 137
69 138
148 202
60 89
5 153
46 191
13 14
44 81
90 197
123 145
2 84
122 149
26 212
34 73
20 138
125 191
144 204
185 205
37 78
23 143
102 207
143 208
9 16
14 94
55 95
96 133
41 197
8 20
27 33
13 135
99 138
32 148
118 151
178 202
11 25
71 76
30 38
2 205
35 153
136 205
53 207
6 95
92 135
97 213
4 22
9 137
50 138
55 216
41 89
113 194
132 207
173 208
44 94
85 95
71 197
30 159
145 146
48 213
15 36
106 154
6 216
166 205
4 143
78 92
97 105
64 157
96 146
41 210
127 213
25 202
44 215
159 202
30 51
38 141
117 205
76 167
29 92
15 157
120 210
139 223
18 162
78 213
4 35
50 151
91 152
215 218
8 154
154 208
173 221
11 159
85 108
30 172
145 159
112 211
84 149
29 213
43 111
103 162
15 49
1 114
147 168
18 54
59 92
64 170
105 208
124 221
3 160
22 173
108 213
80 114
121 152
140 165
57 167
24 219
184 208
10 55
15 170
101 173
142 211
54 98
1 6
59 213
133 162
18 175
31 114
110 178
195 222
66 108
24 111
87 167
128 168
54 219
147 181
86 171
105 221
77 122
80 127
63 160
51 69
54 111
12 114
31 127
116 171
176 222
28 58
88 109
33 173
93 187
46 112
10 189
49 117
128 181
21 55
40 68
26 133
67 171
86 184
172 187
58 122
70 176
42 114
102 128
47 192
162 179
14 15
19 130
146 171
165 184
63 173
123 187
35 74
21 176
114 138
155 176
12 127
158 181
9 58
88 122
47 84
74 187
93 200
46 125
32 190
51 203
109 181
68 143
150 182
62 69
7 133
26 146
39 85
70 189
111 190
47 205
14 28
74 79
146 184
60 144
5 208
13 69
44 136
32 82
104 187
164 201
76 88
53 141
180 182
6 29
37 133
50 72
14 149
129 136
27 88
13 190
113 128
30 93
71 131
90 144
35 208
150 195
2 31
62 82
48 147
153 200
194 201
6 150
39 98
111 203
4 77
23 90
9 192
50 193
124 142
41 144
127 147
60 157
27 209
13 82
30 214
104 200
57 88
117 139
76 101
103 204
62 203
139 157
180 195
18 96
4 198
37 146
78 147
97 160
138 198
6 42
50 85
36 150
69 98
96 201
160 216
13 203
118 219
57 209
90 157
76 222
24 32
43 45
29 147
175 201
87 88
6 163
4 90
50 206
124 155
110 220
17 29
127 160
27 222
187 211
25 149
11 214
85 163
186 215
38 88
2 165
43 166
98 102
84 204
189 220
15 104
101 107
1 169
17 150
91 99
55 176
96 214
182 217
94 104
140 220
11 106
112 158
131 171
24 45
10 110
84 96
43 58
29 160
87 101
73 166
133 217
45 104
64 117
3 107
149 161
167 215
38 101
43 179
170 220
142 158
161 171
59 160
119 174
31 61
17 163
91 112
77 177
163 217
94 117
61 169
80 182
93 121
79 223
112 171
38 222
115 176
156 177
54 166
73 179
114 180
155 218
67 105
12 169
31 182
158 223
70 110
3 120
130 161
89 123
42 48
168 187
47 126
88 164
107 177
79 115
65 180
63 107
82 120
109 223
68 185
40 123
26 188
141 175
72 75
58 177
144 180
77 190
56 67
61 182
74 121
93 134
46 59
51 137
137 177
49 64
109 115
54 179
95 180
114 193
7 67
67 118
12 182
86 131
56 188
42 61
9 113
88 177
47 139
107 190
151 196
123 134
68 198
183 185
62 124
141 188
42 182
83 183
74 134
60 199
118 140
137 190
178 191
197 204
16 129
35 142
136 194
7 80
48 81
53 196
139 199
72 209
92 124
37 188
4 11
171 188
190 201
9 126
28 139
69 140
14 204
129 191
41 78
27 143
46 193
132 196
25 70
13 16
104 134
90 199
16 21
2 86
62 137
48 202
34 75
185 207
4 132
37 80
23 145
83 196
143 210
96 135
41 199
60 212
11 27
178 204
120 199
20 32
92 137
6 97
4 24
23 37
50 140
69 153
55 218
8 143
27 156
132 209
173 210
25 83
44 96
85 97
30 161
145 148
84 138
29 202
15 38
20 153
106 156
6 218
166 207
4 145
78 94
105 197
138 145
124 210
64 159
17 84
96 148
41 212
8 35
99 153
44 217
159 204
200 205
11 40
140 154
57 156
2 220
117 207
203 210
222 223
15 159
18 164
133 151
78 215
17 205
36 218
110 167
3 41
215 220
8 156
154 210
173 223
85 110
43 113
29 215
103 164
115 218
15 51
87 156
1 116
73 221
188 208
147 170
59 94
45 159
64 172
124 223
36 110
22 175
108 215
121 154
66 218
140 167
200 218
33 41
52 54
79 157
24 221
98 170
82 162
101 175
100 216
45 51
3 54
94 172
154 223
47 60
33 162
52 175
24 113
21 44
147 183
100 108
89 178
77 124
42 103
121 167
79 170
98 183
82 175
101 188
21 165
95 114
40 178
174 178
31 129
88 111
33 175
74 176
107 124
47 73
93 189
46 114
10 191
51 192
68 132
109 170
128 183
169 184
7 122
26 135
39 74
58 124
89 191
28 181
47 194
162 181
14 17
181 194
19 132
5 197
165 186
13 58
63 175
51 84
104 176
123 189
16 63
35 76
95 127
40 191
114 140
158 183
37 122
56 135
157 187
9 60
74 189
5 89
32 192
51 205
49 132
90 133
35 197
62 71
134 176
26 148
153 189
20 74
39 87
125 127
111 192
70 191
9 181
83 130
28 194
143 144
47 207
146 186
60 146
13 71
32 84
104 189
123 202
16 76
117 128
34 130
120 133
20 195
139 146
37 135
50 74
129 138
8 77
113 130
13 192
27 90
132 143
11 82
16 197
76 211
2 33
62 84
153 202
111 205
4 79
64 93
9 194
50 195
69 208
17 18
143 157
41 146
206 213
25 138
44 151
164 216
57 90
2 154
76 103
62 205
136 154
103 206
117 141
120 146
139 159
180 197
106 211
59 136
4 200
18 98
23 213
50 87
36 152
96 203
182 206
8 90
118 221
11 95
71 146
16 210
57 211
30 108
24 34
84 85
43 47
15 214
1 50
87 90
6 165
133 206
4 92
45 93
105 144
50 208
124 157
69 221
17 31
3 96
108 149
8 211
127 162
25 151
57 103
98 104
43 168
84 206
103 219
15 106
101 109
1 171
18 111
4 213
45 214
31 50
17 152
110 114
77 166
94 106
154 157
80 171
140 222
52 109
38 211
112 160
131 173
24 47
84 98
115 165
175 216
54 155
1 63
133 219
174 220
45 106
86 107
91 222
3 109
89 112
75 214
168 176
107 166
167 217
24 168
98 117
84 219
170 222
63 96
82 109
142 160
1 184
101 122
161 173
205 216
17 165
58 166
77 179
163 219
61 171
121 222
33 109
93 123
5 10
46 48
137 166
156 179
114 182
67 107
89 125
28 115
61 63
47 128
88 166
107 179
126 192
46 169
79 117
65 182
63 109
82 122
68 187
26 190
141 177
100 176
72 77
58 179
144 182
56 69
61 184
74 123
19 187
93 136
46 61
137 179
68 79
114 195
7 69
26 82
12 184
53 185
72 198
70 125
111 126
9 115
28 128
88 179
41 67
5 144
65 195
151 198
44 72
49 187
123 136
7 190
81 139
26 203
141 190
53 77
20 129
125 182
37 69
42 184
83 185
14 85
60 201
13 126
32 139
178 193
197 206
136 196
48 83
34 185
92 126
111 139
56 203
97 204
50 129
69 142
129 193
148 206
41 80
113 185
27 145
60 93
44 85
30 150
90 201
16 23
62 139
7 203
103 140
48 204
15 27
20 142
6 207
125 195
39 155
18 32
4 134
83 198
124 199
36 86
96 137
8 24
27 37
25 193
99 142
11 29
178 206
71 80
16 144
57 145
117 196
136 209
29 83
134 136
34 198
120 201
139 214
92 139
37 203
4 26
36 207
55 220
22 43
113 198
154 199
27 158
173 212
66 86
11 150
145 150
2 101
84 140
48 217
1 105
166 209
18 45
105 199
64 161
124 212
210 215
17 86
127 217
8 37
66 207
140 156
99 155
200 207
219 220
2 222
10 46
29 96
15 161
120 214
161 215
59 204
133 153
78 217
119 218
152 166
31 105
17 207
91 156
196 209
110 169
3 43
66 99
11 163
52 164
24 102
84 153
29 217
115 220
43 115
87 158
1 118
188 210
40 46
45 161
77 113
22 177
108 217
61 105
80 118
66 220
140 169
200 220
33 43
24 223
10 59
82 164
54 102
18 179
100 218
59 217
114 116
12 105
31 118
158 159
58 221
17 220
75 161
94 174
47 62
33 164
107 113
179 218
5 65
24 115
65 116
109 159
54 223
68 121
40 59
67 162
100 110
86 175
130 218
47 183
80 131
162 170
181 183
32 60
63 164
35 65
95 116
40 180
155 167
158 172
72 132
177 185
56 124
116 175
47 75
74 178
107 126
93 191
46 116
65 129
10 193
51 194
68 134
150 173
7 124
26 137
153 178
39 76
42 118
83 119
102 132
47 196
19 134
146 175
5 199
165 188
13 60
32 73
63 177
123 191
35 78
53 132
72 145
37 124
56 137
116 188
157 189
28 75
14 140
93 204
113 119
27 79
13 181
51 207
49 134
90 135
35 199
150 186
2 22
62 73
7 137
48 138
81 86
134 178
153 191
172 204
39 89
92 181
111 194
125 129
4 68
23 81
9 183
83 132
28 196
102 145
143 146
69 197
14 32
41 135
60 148
5 212
146 188
25 127
44 140
145 192
57 79
76 92
117 130
136 143
81 207
122 208
34 132
20 197
139 148
39 210
37 137
78 138
23 202
138 189
50 76
69 89
96 192
160 207
8 79
113 132
132 145
99 197
118 210
32 207
11 84
16 199
90 148
131 149
2 35
29 138
134 191
175 192
194 205
92 194
6 154
111 207
152 208
8 200
187 202
25 140
11 205
85 154
38 79
57 92
2 156
117 143
76 105
43 157
29 30
20 210
18 100
6 46
59 138
23 215
138 202
97 164
55 167
182 208
99 210
71 148
29 151
115 154
175 205
87 92
133 208
152 221
45 95
64 108
105 146
3 98
8 213
127 164
11 218
126 168
38 92
24 157
84 208
82 98
15 108
101 111
18 113
4 215
59 151
12 39
36 167
3 219
182 221
154 159
121 211
80 173
33 98
38 213
115 167
156 168
3 111
130 152
149 165
209 216
33 219
107 168
79 106
65 171
63 98
82 111
142 162
1 186
68 176
101 124
40 114
12 52
31 65
58 168
61 173
33 111
19 176
93 125
63 219
51 128
10 127
156 181
137 168
49 55
95 171
114 184
67 109
12 173
86 122
31 186
70 114
130 165
89 127
149 178
42 52
28 117
88 168
47 130
46 171
65 184
63 111
49 176
40 127
81 128
7 179
26 192
141 179
34 53
125 171
58 181
144 184
56 71
42 173
116 122
61 186
14 74
74 125
13 115
5 25
32 128
35 133
95 184
72 200
70 127
37 179
56 192
111 128
190 192
60 82
5 146
151 200
49 189
123 138
62 128
7 192
81 141
34 66
53 79
125 184
37 71
56 84
83 187
60 203
13 128
99 131
32 141
118 144
159 182
44 195
197 208
16 133
2 198
35 146
136 198
29 72
48 85
92 128
111 141
56 205
4 15
97 206
23 28
9 130
50 131
129 195
55 209
25 74
30 152
90 203
29 193
103 142
48 206
20 144
106 147
166 198
59 72
185 211
78 85
23 149
4 136
18 34
124 201
36 88
96 139
127 206
8 26
85 209
118 157
11 31
30 44
71 82
57 147
117 198
136 211
29 85
48 98
15 150
139 216
92 141
59 193
78 206
6 101
4 28
36 209
110 158
55 222
3 32
8 147
154 201
173 214
25 87
66 88
11 152
85 101
71 203
131 217
43 104
29 206
103 155
106 160
6 222
59 85
4 149
45 150
210 217
36 101
108 206
127 219
168 220
80 107
85 222
200 209
219 222
24 212
98 161
57 160
184 201
203 214
10 48
15 163
142 204
161 217
54 91
73 104
18 168
78 219
119 220
31 107
17 209
110 171
3 45
154 214
11 165
24 104
84 155
115 222
54 212
87 160
188 212
45 163
105 214
64 176
191 217
58 102
77 115
108 219
80 120
66 222
107 223
121 158
33 45
52 58
184 214
98 174
51 62
82 166
142 217
54 104
40 169
114 118
155 156
12 107
31 120
72 121
58 223
17 222
158 161
75 163
116 164
135 177
176 215
47 64
107 115
126 128
46 105
65 118
49 110
68 123
109 161
128 174
169 175
21 48
67 164
26 126
100 112
58 115
70 169
89 182
61 120
102 121
88 223
181 185
19 123
146 164
5 188
32 62
63 166
51 75
82 179
123 180
21 169
114 131
12 120
53 121
158 174
72 134
56 126
135 190
9 51
28 64
88 115
93 193
46 118
65 131
51 196
68 136
153 180
39 78
70 182
23 70
42 120
28 185
162 185
14 21
41 124
60 137
5 201
165 190
32 75
104 180
16 67
21 182
95 131
62 183
76 81
81 196
34 121
6 22
37 126
56 139
157 191
74 193
160 196
132 134
32 196
51 209
30 86
90 137
35 201
2 24
48 140
153 193
20 78
6 143
39 91
111 196
125 131
23 83
83 134
124 135
69 199
60 150
25 129
44 142
30 207
145 194
104 193
164 207
16 80
57 81
2 145
76 94
136 145
15 84
34 134
120 137
139 150
180 188
23 204
138 191
157 204
50 78
36 143
160 209
27 94
13 196
11 86
30 99
16 201
57 202
131 151
71 137
2 37
134 193
1 41
92 196
111 209
152 210
4 83
45 84
64 97
124 148
143 161
110 213
108 140
8 202
187 204
11 207
85 156
145 207
38 81
57 94
2 158
43 159
103 210
87 202
1 162
120 150
106 215
20 212
18 102
4 204
78 153
23 217
36 156
163 197
22 221
96 207
8 94
94 97
99 212
140 213
11 99
38 202
112 151
57 215
131 164
24 38
43 51
29 153
115 156
175 207
18 223
133 210
152 223
64 110
50 212
91 213
17 35
3 100
22 113
149 154
94 218
8 215
11 220
85 169
126 170
52 221
186 221
79 95
103 223
142 151
87 215
101 113
161 164
1 175
45 218
17 156
58 157
77 170
182 223
75 97
94 110
80 175
33 100
112 164
24 51
10 116
82 221
156 170
216 221
54 159
73 172
114 173
67 98
12 162
86 111
31 175
70 103
149 167
209 218
168 180
88 157
33 221
47 119
167 221
19 57
63 100
82 113
109 216
21 103
40 116
141 168
12 54
53 55
58 170
56 60
61 175
80 188
74 114
19 178
93 127
5 14
46 52
156 183
95 173
7 60
26 73
86 124
53 176
72 189
42 54
28 119
47 132
148 184
65 186
151 189
63 113
104 114
49 178
68 191
7 181
81 130
26 194
34 55
53 68
125 173
72 81
144 186
56 73
83 176
102 189
14 76
46 65
32 130
95 186
136 187
7 73
34 176
92 117
56 194
190 194
9 119
28 132
69 133
14 197
129 184
148 197
41 71
60 84
113 176
132 189
44 76
104 127
49 191
90 192
62 130
7 194
81 143
122 144
48 195
34 68
39 146
166 187
143 203
14 89
96 128
55 90
27 28
13 130
99 133
159 184
118 146
178 197
30 33
2 200
76 149
136 200
29 74
34 189
120 192
20 25
92 130
37 194
50 133
69 146
14 210
129 197
41 84
113 189
173 203
25 76
11 141
44 89
71 192
2 92
84 131
122 157
59 74
185 213
23 151
97 100
105 190
17 77
55 103
8 28
25 197
99 146
44 210
85 211
159 197
38 136
71 84
2 213
76 162
117 200
29 87
15 152
120 205
161 206
18 157
6 103
78 208
17 198
91 147
36 211
110 160
154 203
173 216
214 217
66 90
85 103
71 205
84 144
103 157
1 109
73 214
106 162
147 163
207 214
18 49
59 87
124 216
210 219
3 155
22 168
108 208
168 222
80 109
33 34
200 211
98 163
203 216
10 50
101 168
161 219
54 93
73 106
59 208
18 170
133 157
12 96
31 109
91 160
3 47
75 152
94 165
195 217
65 107
10 171
68 112
54 214
1 122
109 150
21 37
128 163
40 50
86 166
191 219
3 168
89 171
77 117
22 181
130 209
42 96
149 222
121 160
33 47
79 163
98 176
82 168
101 181
95 107
114 120
100 222
12 109
158 163
75 165
176 217
28 53
52 181
93 182
46 107
65 120
10 184
51 185
68 125
128 176
7 115
67 166
172 182
213 220
70 171
89 184
42 109
61 122
102 123
47 187
181 187
19 125
146 166
51 77
35 69
21 171
95 120
40 184
81 185
72 136
158 176
116 179
135 192
88 117
74 182
93 195
5 82
32 185
51 198
90 126
169 190
62 64
67 179
153 182
111 185
23 72
14 23
146 179
5 203
32 77
164 196
16 69
2 134
117 121
21 184
76 83
81 198
62 185
120 126
20 188
6 24
23 193
138 180
56 141
157 193
50 67
160 198
132 136
30 88
16 190
90 139
35 203
76 204
29 129
48 142
153 195
20 80
6 145
92 185
111 198
4 72
23 85
41 139
127 142
85 145
30 209
145 196
164 209
38 70
57 83
62 198
136 147
120 139
20 201
139 152
18 91
59 129
6 37
78 142
97 155
138 193
36 145
96 196
8 83
113 136
13 198
11 88
30 101
16 203
71 139
131 153
24 27
29 142
115 145
48 155
175 196
194 209
6 158
18 212
64 99
105 137
124 150
69 214
110 215
50 201
108 142
22 102
127 155
27 217
66 145
30 222
38 83
24 148
84 199
103 212
189 215
15 99
1 164
106 217
18 104
59 142
78 155
45 207
64 220
4 206
31 43
17 145
91 94
36 158
22 223
96 209
75 86
94 99
99 214
112 153
57 217
98 218
43 53
10 105
84 91
15 220
175 209
1 56
133 212
45 99
105 150
31 164
3 102
75 207
22 115
8 217
149 156
168 169
108 155
52 223
126 172
186 223
79 97
43 174
63 89
142 153
1 177
40 105
45 220
119 169
31 56
58 159
3 223
75 99
61 164
80 177
52 115
38 217
19 167
93 116
10 118
156 172
73 174
26 62
12 164
86 113
31 177
158 218
72 178
70 105
130 156
75 220
47 121
88 159
33 223
126 185
167 223
79 110
5 124
49 167
21 105
26 183
67 221
141 170
58 172
144 175
61 177
74 116
19 180
93 129
5 16
46 54
65 67
63 223
51 132
137 172
156 185
109 110
35 124
95 175
114 188
7 62
26 75
12 177
72 191
70 118
56 183
42 56
28 121
88 172
129 173
47 134
148 186
46 175
132 178
104 116
49 180
21 118
62 119
26 196
141 183
125 175
185 189
83 178
102 191
74 129
32 132
44 186
51 145
197 199
53 191
139 194
92 119
6 79
111 132
37 183
171 183
9 121
69 135
14 199
129 186
148 199
41 73
113 178
60 86
132 191
25 65
90 194
2 81
7 196
81 145
48 197
122 146
15 20
39 148
166 189
125 188
185 202
4 127
37 75
18 25
23 140
83 191
124 192
36 79
55 92
41 194
127 197
60 207
8 17
27 30
13 132
99 135
44 199
118 148
159 186
178 199
30 35
71 73
16 137
57 138
76 151
2 202
48 89
120 194
92 132
6 92
78 197
37 196
50 135
55 213
22 36
8 138
27 151
113 191
66 79
11 143
43 95
103 146
48 210
87 138
20 148
106 151
1 98
59 76
23 153
64 154
124 205
36 92
108 197
96 143
22 157
8 30
25 199
99 148
140 149
38 138
57 151
184 192
43 216
76 164
117 202
15 154
73 95
18 159
133 146
119 211
31 98
17 200
91 149
36 213
196 202
110 162
8 151
94 154
173 218
214 219
66 92
11 156
85 105
112 208
43 108
84 146
73 216
188 203
147 165
59 89
45 154
64 167
191 208
17 92
108 210
22 170
66 213
140 162
24 216
98 165
203 218
10 52
101 170
54 95
12 98
17 213
94 167
195 219
88 93
52 170
24 108
65 109
10 173
40 52
100 103
12 219
86 168
26 117
191 221
58 106
89 173
130 211
162 163
33 49
165 168
98 178
32 53
63 157
82 170
142 221
101 183
54 108
21 160
40 173
114 122
53 112
158 165
56 117
42 219
116 168
47 68
33 170
107 119
74 171
93 184
88 106
5 71
169 179
7 117
26 130
67 168
86 181
172 184
39 69
89 186
42 111
83 112
102 125
19 127
60 128
146 168
13 53
104 171
123 184
16 58
95 122
81 187
7 9
72 138
157 182
14 133
93 197
46 122
5 84
32 187
13 174
51 200
49 127
90 128
2 15
62 66
48 131
172 197
70 186
111 187
9 176
102 138
69 190
14 25
146 181
60 141
5 205
25 120
13 66
123 197
164 198
76 85
81 200
34 125
120 128
39 203
23 195
157 195
50 69
69 82
14 146
96 185
129 133
160 200
55 147
113 125
13 187
132 138
32 200
27 85
11 77
30 90
71 128
131 142
35 205
29 131
134 184
48 144
153 197
194 198
111 200
4 74
50 190
124 139
69 203
143 152
108 131
41 141
25 133
85 147
30 211
145 198
164 211
38 72
57 85
2 149
43 150
15 88
78 144
23 208
97 157
64 209
138 195
36 147
55 160
8 85
99 203
118 216
30 103
131 155
76 219
24 29
115 147
15 209
175 198
194 211
1 45
73 150
92 200
18 214
6 160
133 201
152 214
64 101
91 204
124 152
110 217
3 91
22 104
127 157
27 219
94 209
66 147
85 160
186 212
98 99
43 163
103 214
189 217
15 101
101 104
1 166
18 106
4 208
59 144
119 158
17 147
91 96
3 212
77 161
163 201
94 101
80 166
121 204
140 217
33 91
52 104
112 155
115 160
54 150
1 58
73 163
12 153
177 220
3 104
130 145
75 209
107 161
167 212
126 174
98 112
65 164
170 217
84 214
63 91
82 104
87 219
128 220
1 179
45 222
86 223
77 174
163 214
42 153
61 166
80 179
33 104
19 169
63 212
137 161
51 121
95 164
7 51
67 102
12 166
31 179
158 220
70 107
75 222
116 223
149 171
148 175
19 61
60 62
46 164
151 180
104 105
109 220
68 182
67 223
26 185
141 172
34 46
53 59
144 177
37 51
42 166
102 180
93 131
46 56
5 18
51 134
137 174
35 126
53 180
37 172
70 120
171 172
14 188
129 175
88 174
148 188
41 62
60 75
5 139
132 180
151 193
44 67
104 118
49 182
90 183
2 70
7 185
141 185
34 59
53 72
39 137
144 190
37 64
56 77
23 129
83 180
102 193
14 80
41 183
60 196
178 188
35 139
76 140
29 65
120 183
53 193
6 81
37 185
111 134
69 137
14 201
41 75
27 140
173 194
25 67
30 145
71 183
90 196
2 83
62 134
122 148
20 137
39 150
166 191
4 129
124 194
8 19
13 134
99 137
118 150
11 24
30 37
2 204
76 153
136 204
48 91
15 143
120 196
59 186
133 135
6 94
97 212
50 137
36 202
69 150
110 151
173 207
66 81
30 158
112 197
71 196
43 97
29 199
115 202
122 161
87 140
6 215
18 40
59 78
78 91
105 194
124 207
17 81
36 94
22 159
108 199
127 212
80 100
99 150
66 202
57 153
98 154
43 218
142 197
54 84
73 97
18 161
59 199
152 161
17 202
91 151
196 204
3 38
75 143
94 156
195 208
214 221
11 158
52 159
112 210
198 213
131 223
43 110
1 113
128 154
73 218
207 218
40 41
45 156
64 169
105 207
17 94
58 95
3 159
61 100
80 113
66 215
140 164
121 151
33 38
19 103
38 153
79 154
184 207
82 159
101 172
161 223
73 110
40 162
100 213
12 100
31 113
17 215
58 216
91 164
94 169
135 170
47 57
33 159
52 172
179 213
46 98
5 60
137 216
109 154
68 116
147 180
188 218
26 119
67 157
86 170
191 223
3 172
89 175
130 213
102 114
88 216
165 170
82 172
123 173
40 175
114 124
72 127
177 180
56 119
116 170
176 221
135 183
28 57
88 108
33 172
47 70
93 186
46 111
51 189
49 116
150 168
21 54
7 119
26 132
39 71
89 188
9 165
42 113
28 178
47 191
162 178
60 130
5 194
13 55
32 68
63 172
104 173
44 122
123 186
35 73
7 11
6 15
56 132
97 133
157 184
14 135
74 186
160 189
27 74
13 176
113 114
51 202
16 181
90 130
150 181
169 194
7 132
48 133
172 199
92 176
4 63
124 128
69 192
146 183
27 195
60 143
25 122
145 187
57 74
76 87
117 125
81 202
122 203
20 192
139 143
6 28
4 184
78 133
23 197
157 197
36 136
69 84
96 187
55 149
160 202
13 189
99 192
118 205
71 130
16 194
57 195
76 208
2 30
48 146
175 187
134 186
194 200
6 149
152 203
4 76
64 90
50 192
124 141
69 205
143 154
110 206
22 93
27 208
66 136
30 213
145 200
38 74
2 151
43 152
117 138
103 203
122 216
87 195
20 205
106 208
18 95
59 133
23 210
64 211
138 197
31 34
17 136
36 149
96 200
55 162
8 87
52 93
38 195
76 221
24 31
29 146
115 149
15 211
175 200
194 213
1 47
73 152
133 203
152 216
193 217
105 141
91 206
110 219
22 106
8 208
66 149
52 214
85 162
126 163
79 88
24 152
98 101
84 203
43 165
170 206
103 216
101 106
1 168
106 221
18 108
100 147
119 160
12 34
31 47
17 149
91 98
3 214
163 203
182 216
75 90
121 206
80 168
52 106
79 209
10 109
73 165
133 216
174 217
26 53
12 155
86 104
31 168
91 219
130 147
75 211
168 173
88 150
107 163
167 214
19 50
79 101
24 165
65 166
63 93
82 106
68 171
109 209
1 181
40 109
141 161
12 47
58 163
144 166
163 216
77 176
33 106
93 120
79 222
51 123
49 50
21 217
95 166
155 217
114 179
67 104
12 168
86 117
158 222
72 182
70 109
89 122
42 47
28 112
47 125
88 163
107 176
148 177
60 64
192 220
151 182
49 171
68 184
7 174
40 122
26 187
39 126
144 179
56 66
42 168
116 117
102 182
14 69
60 185
51 136
137 176
16 115
95 179
136 180
7 66
48 67
72 195
37 174
111 123
70 122
171 174
14 190
60 77
5 141
151 195
44 69
90 185
2 72
62 123
81 136
122 137
26 200
20 126
125 179
166 180
37 66
23 131
143 196
14 82
96 121
55 83
13 123
99 126
44 190
118 139
178 190
16 128
2 193
76 142
117 180
35 141
136 193
29 67
34 182
120 185
6 83
37 187
111 136
56 200
4 10
92 123
50 126
69 139
14 203
55 204
8 129
113 182
11 134
44 82
30 147
90 198
2 85
29 188
48 201
122 150
15 24
20 139
106 142
6 204
185 206
18 29
59 67
23 144
105 183
64 145
17 70
55 96
41 198
127 201
108 188
8 21
118 152
71 77
57 142
2 206
117 193
76 155
29 80
120 198
161 199
18 150
133 137
78 201
59 188
97 214
36 204
3 27
8 142
27 155
154 196
173 209
11 147
71 198
112 199
43 99
29 201
84 137
48 214
103 150
1 102
147 156
188 194
18 42
4 144
59 80
64 158
105 196
124 209
17 83
36 96
77 97
22 161
168 215
121 140
57 155
10 43
15 158
142 199
1 223
101 161
18 163
119 215
91 153
75 145
94 158
154 209
195 210
214 223
33 148
66 96
112 212
198 215
24 99
84 150
87 155
128 156
1 115
147 169
188 207
207 220
86 159
31 223
58 97
3 161
149 215
66 217
107 218
19 105
79 156
24 220
63 148
10 56
82 161
54 99
40 164
12 102
31 115
17 217
116 159
176 210
135 172
88 97
33 161
107 110
52 174
179 215
93 175
10 177
51 178
49 105
54 220
128 169
169 170
21 43
7 108
26 121
12 223
70 164
58 110
130 215
61 115
102 116
88 218
162 167
47 180
19 118
60 119
79 169
165 172
46 221
32 57
51 70
123 175
35 62
21 164
40 177
114 126
81 178
34 103
158 169
72 129
37 108
56 121
116 172
176 223
28 59
74 175
93 188
5 75
49 118
109 169
150 170
35 183
2 6
169 183
67 172
153 175
172 188
20 60
111 178
23 65
41 119
35 75
21 177
62 178
81 191
34 116
53 129
20 181
23 186
138 173
27 76
113 116
13 178
30 81
90 132
76 197
150 183
2 19
29 122
62 70
48 135
134 175
153 188
6 138
39 86
111 191
92 178
4 65
23 78
9 180
83 129
124 130
69 194
41 132
127 135
25 124
85 138
104 188
145 189
30 202
164 202
57 76
117 127
62 191
76 89
103 192
20 194
139 145
39 207
18 84
59 122
23 199
138 186
36 138
96 189
8 76
13 191
99 194
118 207
71 132
112 133
30 94
76 210
29 135
115 138
134 188
175 189
15 200
194 202
1 36
18 205
92 191
133 192
6 151
4 78
45 79
64 92
105 130
124 143
69 207
22 95
108 135
27 210
187 199
66 138
85 151
30 215
38 76
84 192
189 208
106 210
59 135
18 97
78 148
4 199
31 36
17 138
163 192
96 202
182 205
75 79
99 207
140 208
112 146
57 210
98 211
24 33
10 98
115 151
175 202
101 216
54 141
87 89
73 154
152 218
193 219
45 92
64 105
105 143
91 208
31 157
17 30
3 95
22 108
8 210
94 213
75 200
108 148
66 151
107 152
126 165
167 203
79 90
98 103
43 167
170 208
82 95
142 146
1 170
101 108
100 149
12 36
31 49
17 151
3 216
163 205
182 218
75 92
94 105
121 208
140 221
181 222
33 95
52 108
38 210
10 111
137 152
156 165
54 154
114 168
155 206
174 219
12 157
31 170
70 98
3 108
130 149
149 162
209 213
33 216
107 165
126 178
79 103
170 221
68 173
21 98
58 165
70 219
204 219
61 170
121 221
19 173
93 122
32 112
63 216
49 52
21 219
155 219
67 106
12 170
72 184
130 162
56 176
9 101
88 165
148 179
41 53
5 130
46 168
65 181
132 171
63 108
21 111
7 176
26 189
34 50
53 63
125 168
37 55
9 222
74 122
19 186
60 187
32 125
51 138
16 117
35 130
48 69
53 184
139 187
6 72
37 176
111 125
9 114
28 127
69 128
129 179
27 131
113 171
25 58
44 71
30 136
62 125
48 190
122 139
34 63
20 128
125 181
166 182
185 195
4 120
23 133
13 125
99 128
44 192
159 179
118 141
11 15
57 131
117 182
136 195
29 69
48 82
92 125
37 189
78 190
4 12
97 203
69 141
14 205
110 142
22 29
8 131
113 184
173 198
25 71
66 72
11 136
71 187
90 200
131 201
2 87
48 203
122 152
15 26
106 144
6 206
166 195
18 31
23 146
105 185
17 72
143 211
36 85
96 136
108 190
99 141
38 131
184 185
117 195
29 82
120 200
73 88
31 91
110 155
55 219
3 29
8 144
94 147
66 85
85 98
112 201
24 88
84 139
103 152
15 39
1 104
73 209
147 158
6 219
45 147
64 160
105 198
17 85
58 86
3 150
22 163
61 91
80 104
66 206
140 155
85 219
200 206
121 142
79 145
184 198
98 158
10 45
142 201
101 163
59 203
119 217
31 104
17 206
91 155
77 220
75 147
94 160
176 199
47 48
33 150
179 204
112 214
198 217
65 102
156 220
109 145
68 107
128 158
73 222
147 171
188 209
54 209
21 32
12 212
86 161
58 99
3 163
130 204
77 112
149 217
89 166
42 91
61 104
121 155
66 219
80 117
47 169
79 158
24 222
65 223
98 171
142 214
101 176
75 160
42 212
116 161
135 174
28 48
88 99
33 163
74 164
179 217
46 102
51 180
137 220
49 107
128 171
95 223
21 45
7 110
40 58
26 123
67 161
86 174
39 62
70 166
89 179
83 105
102 118
47 182
19 120
60 121
5 185
46 223
146 161
13 46
165 174
51 72
16 51
35 64
21 166
40 179
81 180
34 105
53 118
39 183
116 174
157 175
14 126
74 177
201 218
160 180
93 190
46 115
5 77
51 193
49 120
90 121
134 164
153 177
172 190
20 62
39 75
70 179
111 180
83 118
41 121
25 113
44 126
164 191
35 77
62 180
81 193
122 194
120 121
20 183
37 123
78 124
138 175
97 137
157 188
55 140
96 178
113 118
13 180
99 183
32 193
118 196
11 70
30 83
16 185
90 134
131 135
29 124
134 177
153 190
20 75
6 140
92 180
111 193
4 67
23 80
64 81
69 196
143 145
108 124
41 134
127 137
8 186
11 191
145 191
38 65
57 78
76 91
117 129
62 193
122 207
20 196
18 86
4 188
78 137
23 201
138 188
97 150
50 75
36 140
55 153
182 194
8 78
118 209
11 83
112 135
131 148
115 140
175 191
194 204
18 207
133 194
105 132
50 196
91 197
64 94
17 19
3 84
108 137
8 199
22 97
94 202
66 140
30 217
145 204
186 205
38 78
15 94
147 213
4 201
45 202
100 138
31 38
17 140
3 205
163 194
22 218
182 207
121 197
140 210
33 84
38 199
112 148
98 213
24 35
115 153
15 215
101 218
87 91
1 51
18 220
174 208
45 94
86 95
31 159
91 210
177 213
110 223
3 97
22 110
149 151
94 215
75 202
33 205
107 154
52 218
79 92
98 105
10 221
189 223
63 84
101 110
45 215
12 38
31 51
77 167
204 208
89 221
75 94
61 159
121 210
80 172
140 223
33 97
19 162
52 110
79 213
63 205
51 114
216 218
54 156
174 221
12 159
86 108
89 113
149 164
116 216
88 154
33 218
107 167
167 218
19 54
63 97
109 213
68 175
21 100
40 113
81 114
26 178
34 39
125 157
70 221
144 170
58 167
37 44
204 221
56 57
42 159
74 111
19 175
146 216
5 11
46 49
32 114
51 127
137 167
35 119
95 170
114 183
7 57
72 186
70 113
111 114
56 178
9 103
47 129
129 168
60 68
5 132
132 173
65 183
68 188
62 114
7 178
26 191
141 178
37 57
56 70
83 173
102 186
14 73
74 124
60 189
32 127
44 181
118 130
178 181
117 171
76 133
48 71
34 173
53 186
92 114
37 178
111 127
97 192
9 116
50 117
14 194
41 68
113 173
132 186
25 60
44 73
2 76
7 191
20 130
106 133
39 143
166 184
185 197
18 20
23 135
124 187
8 12
44 194
118 143
11 17
2 197
76 146
29 71
15 136
48 84
120 189
37 191
97 205
36 195
27 146
154 187
173 200
25 73
11 138
30 151
90 202
131 203
29 192
103 141
1 93
18 33
45 136
124 200
143 213
17 74
96 138
127 205
66 195
140 144
38 133
57 146
101 152
1 214
54 77
73 90
59 192
18 154
31 93
17 195
91 144
36 208
196 197
3 31
22 44
8 146
112 203
131 216
24 90
84 141
10 155
128 147
73 211
188 198
147 160
207 211
31 214
210 216
17 87
3 152
22 165
149 206
168 219
121 144
80 106
140 157
85 221
126 222
66 208
38 146
79 147
24 211
10 47
82 152
101 165
142 203
161 216
202 217
40 155
59 205
119 219
31 106
17 208
91 157
58 209
3 44
75 149
61 214
135 163
198 219
10 168
115 221
49 96
109 147
54 211
68 109
147 173
21 34
40 47
86 163
58 101
42 93
121 157
107 222
33 44
79 160
32 48
63 152
51 61
82 165
123 166
183 217
35 53
40 168
100 219
141 220
53 107
58 222
42 214
116 163
9 37
176 214
28 50
93 179
65 117
49 109
35 174
109 160
68 122
169 174
21 47
7 112
153 166
86 176
88 222
162 171
60 123
165 176
32 61
123 179
16 53
21 168
62 169
95 117
39 185
37 112
157 177
74 179
160 182
27 67
13 169
32 182
118 185
16 174
90 123
35 187
150 174
169 187
2 10
7 125
48 126
134 166
172 192
39 77
111 182
4 56
9 171
83 120
146 176
60 136
27 188
13 61
44 128
104 179
2 131
76 80
117 118
81 195
34 120
39 198
37 125
78 126
23 190
50 64
96 180
11 72
90 136
131 137
76 201
48 139
175 180
1 27
20 77
111 195
64 83
50 185
69 198
143 147
110 199
22 86
27 201
187 190
25 128
44 141
30 206
145 193
164 206
2 144
84 183
117 131
120 136
20 198
106 201
87 188
18 88
4 190
23 203
64 204
17 129
36 142
96 193
55 155
8 80
99 198
140 199
38 188
112 137
57 201
131 150
76 214
29 139
175 193
73 145
6 155
133 196
152 209
193 210
91 199
17 21
22 99
8 201
66 142
85 155
126 156
186 207
38 80
24 145
170 199
103 209
82 86
15 96
59 139
100 140
45 204
18 101
64 217
12 27
17 142
36 155
163 196
22 220
75 83
94 96
121 199
33 86
38 201
79 202
112 150
24 37
10 102
15 217
54 145
18 222
133 209
174 210
193 223
31 161
91 212
177 215
3 99
130 140
89 102
47 105
33 207
107 156
52 220
186 220
79 94
98 107
65 159
170 212
10 223
82 99
142 150
109 202
128 215
1 174
21 89
68 164
40 102
58 156
3 220
89 223
204 210
77 169
163 209
42 148
75 96
61 161
74 100
19 164
93 113
165 218
10 115
63 207
51 116
156 169
216 220
21 210
54 158
40 223
114 172
155 210
174 223
26 59
12 161
31 174
72 175
70 102
130 153
75 217
116 218
28 105
88 156
47 118
107 169
33 220
148 170
19 56
65 172
49 164
68 177
109 215
7 167
81 116
67 218
40 115
26 180
141 167
125 159
204 223
37 46
74 113
19 177
146 218
5 13
46 51
63 220
51 129
137 169
16 108
114 185
155 223
48 60
67 110
111 116
129 170
41 57
60 70
5 134
132 175
151 188
25 49
104 113
49 177
123 126
90 178
81 129
26 193
122 130
134 221
20 119
125 172
185 186
37 59
23 124
143 189
96 114
55 76
41 178
60 191
32 129
159 170
118 132
178 183
16 121
35 134
117 173
76 135
2 186
136 186
34 175
120 178
53 188
92 116
37 180
97 194
9 118
50 119
69 132
41 70
8 122
27 135
25 62
90 191
2 78
29 181
103 130
15 17
20 132
6 197
59 60
185 199
23 137
36 76
41 191
8 14
44 196
11 19
57 135
76 148
136 199
120 191
18 143
92 129
97 207
50 132
36 197
110 146
55 210
27 148
173 202
11 140
85 89
71 191
24 79
29 194
103 143
15 30
106 148
6 210
18 35
59 73
45 138
4 137
64 151
105 189
124 202
17 76
3 141
77 90
22 154
108 194
25 196
121 133
140 146
85 210
38 135
10 36
142 192
1 216
101 154
54 79
73 92
18 156
133 143
78 207
119 208
59 194
17 197
91 146
36 210
77 211
110 159
75 138
94 151
214 216
33 141
52 154
24 92
84 143
10 157
87 148
128 149
73 213
188 200
207 213
86 152
58 90
77 103
22 167
168 221
121 146
107 211
140 159
19 98
79 149
184 202
10 49
142 205
101 167
161 218
202 219
54 92
100 208
58 211
75 151
116 152
61 216
135 165
88 90
33 154
93 168
179 208
198 221
46 93
5 55
10 170
137 211
49 98
109 149
128 162
21 36
26 114
12 216
89 170
149 221
190 222
42 95
28 160
88 211
19 111
51 63
49 219
123 168
183 219
35 55
95 106
40 170
155 157
141 222
53 109
158 162
72 122
56 114
9 39
176 216
14 117
93 181
220 222
5 68
32 171
51 184
35 176
68 124
7 114
26 127
153 168
213 219
172 181
20 53
39 66
70 170
111 171
171 222
9 160
83 109
102 122
41 112
165 178
13 50
44 117
123 181
164 182
16 55
81 184
39 187
6 10
56 127
157 179
9 52
14 130
74 181
160 184
201 222
32 184
118 187
30 74
16 176
35 189
150 176
2 12
62 63
134 168
153 181
6 131
39 79
23 71
9 173
41 125
27 190
13 63
104 181
30 195
164 195
16 68
2 133
76 82
62 184
103 185
117 120
39 200
4 179
78 128
138 179
50 66
69 79
36 131
96 182
55 144
27 82
113 122
99 187
13 184
11 74
131 139
29 128
48 141
175 182
194 195
1 29
6 144
133 185
152 198
105 123
50 187
124 136
110 201
108 128
8 190
127 141
27 203
187 192
25 130
66 131
30 208
145 195
186 196
2 146
43 147
84 185
122 211
15 85
1 150
106 203
18 90
64 206
17 131
163 185
22 209
182 198
52 88
38 190
112 139
57 203
24 26
10 91
29 141
15 206
1 42
73 147
133 198
152 211
91 201
110 214
3 88
22 101
108 141
94 206
66 144
11 208
52 209
19 32
186 209
79 83
189 214
87 203
1 163
128 204
147 217
40 91
100 142
119 155
12 29
31 42
91 93
58 145
77 158
22 222
75 85
94 98
80 163
121 201
140 214
181 215
33 88
38 203
79 204
82 209
101 222
155 199
114 161
174 212
26 48
86 99
158 204
91 214
70 91
3 101
130 142
89 104
47 107
33 209
107 158
52 222
126 171
167 209
88 145
19 45
79 96
24 160
65 161
170 214
211 215
82 101
68 166
128 217
40 104
12 42
3 222
204 212
80 176
162 215
19 166
63 209
137 158
82 222
54 160
95 161
7 48
67 99
26 61
72 177
70 104
130 155
28 107
33 222
74 223
148 172
107 171
41 46
46 161
5 123
192 215
151 177
63 101
68 179
150 218
21 104
7 169
67 220
53 56
125 161
144 174
56 61
42 163
14 64
74 115
19 179
60 180
13 105
63 222
118 121
51 131
35 123
7 61
72 190
92 105
111 118
9 107
28 120
69 121
14 185
148 185
41 59
60 72
46 174
132 177
25 51
44 64
104 115
30 129
7 182
48 183
122 132
134 223
81 131
34 56
166 175
37 61
4 113
83 177
96 116
55 78
60 193
13 118
99 121
25 172
44 185
118 134
16 123
117 175
136 188
48 75
120 180
6 78
92 118
111 131
37 182
50 121
69 134
14 198
55 199
8 124
27 137
113 177
132 190
25 64
2 80
43 81
84 119
48 196
122 145
15 19
87 124
106 137
59 62
64 140
105 178
8 16
99 134
44 198
11 21
38 124
2 201
117 188
120 193
18 145
6 91
78 196
97 209
50 134
91 135
36 199
55 212
3 22
22 35
8 137
173 204
66 78
11 142
71 193
112 194
87 137
188 189
6 212
18 37
59 75
45 140
105 191
124 204
17 78
3 143
77 92
22 156
38 137
79 138
98 151
43 215
203 204
10 38
82 143
101 156
1 218
161 207
54 81
59 196
100 197
133 145
91 148
75 140
94 153
135 154
154 204
195 205
214 218
33 143
24 94
115 212
156 213
68 100
109 138
1 110
147 164
21 25
207 215
45 153
86 154
31 218
12 205
210 220
89 159
77 105
149 210
168 223
121 148
66 212
107 213
19 100
79 151
24 215
98 164
65 216
10 51
82 156
142 207
183 208
101 169
54 94
119 223
58 213
42 205
116 154
135 167
176 205
195 218
28 41
74 157
19 221
93 170
198 223
137 213
54 215
95 216
26 116
39 55
149 223
42 97
102 111
47 175
19 113
5 178
32 52
63 156
49 221
123 170
183 221
35 57
21 159
95 108
40 172
34 98
53 111
158 164
125 216
72 124
56 116
42 218
28 54
14 119
179 223
5 70
51 186
49 113
150 165
7 116
153 170
39 68
70 172
111 173
9 162
60 127
13 52
44 119
123 183
16 57
35 70
62 173
122 187
20 176
53 124
6 12
37 116
56 129
138 168
23 181
9 54
50 55
55 133
160 186
99 176
11 63
30 76
16 178
90 127
150 178
76 192
2 14
20 68
111 186
152 187
4 60
9 175
64 74
124 125
69 189
50 176
44 132
30 197
38 58
164 197
57 71
2 135
76 84
62 186
122 200
15 74
120 127
20 189
106 192
59 117
4 181
78 130
23 194
97 143
18 79
50 68
36 133
182 187
8 71
27 84
11 76
71 127
112 128
131 141
29 130
15 195
175 184
194 197
1 31
18 200
124 138
110 203
3 77
22 90
108 130
66 133
11 197
145 197
57 84
43 149
103 200
87 192
106 205
78 143
12 18
17 133
36 146
163 187
121 190
33 77
52 90
131 154
98 206
115 146
101 211
73 149
174 201
86 88
91 203
110 216
89 93
75 195
107 147
52 211
167 198
11 210
186 211
24 149
170 203
82 90
101 103
1 165
128 206
87 205
40 93
100 144
119 157
12 31
31 44
17 146
3 211
77 160
163 200
61 152
121 203
181 217
19 155
52 103
98 219
10 106
137 147
51 107
156 160
114 163
174 214
12 152
86 101
31 165
158 206
72 166
70 93
130 144
75 208
89 106
47 109
126 173
167 211
19 47
46 150
170 216
82 103
109 206
169 220
81 107
67 209
141 158
100 157
58 160
70 214
204 214
61 165
162 217
146 209
165 222
63 211
156 173
35 112
95 163
7 50
12 165
53 166
72 179
199 220
158 219
9 96
47 122
148 174
41 48
151 179
109 219
150 220
62 107
67 222
26 184
34 45
53 58
39 123
125 163
144 176
37 50
102 179
14 66
74 117
41 169
60 182
146 222
13 107
118 123
16 112
35 125
76 126
136 177
48 64
139 182
180 220
6 67
37 171
92 107
56 184
138 223
111 120
69 123
129 174
113 166
27 126
25 53
71 169
30 131
104 117
2 69
62 120
103 121
7 184
122 134
20 123
6 188
166 177
124 180
143 193
41 182
127 185
13 120
99 123
44 187
178 187
57 126
2 190
117 177
76 139
136 190
15 129
139 195
6 80
37 184
78 185
36 188
110 137
22 24
8 126
27 139
154 180
25 66
66 67
71 182
131 196
103 134
122 147
15 21
87 126
106 139
6 201
166 190
45 129
124 193
17 67
143 206
36 80
22 145
55 93
127 198
8 18
99 136
85 201
38 126
57 139
98 140
10 27
101 145
120 195
73 83
18 147
133 134
78 198
119 199
59 185
31 86
36 201
110 150
22 37
75 129
94 142
8 139
154 193
173 206
66 80
112 196
43 96
84 134
1 99
128 140
87 139
31 207
64 155
58 81
108 198
22 158
149 199
121 137
140 150
79 140
24 204
184 193
43 217
10 40
82 145
142 196
1 220
161 209
202 210
73 96
59 198
100 199
31 99
17 201
91 150
3 37
75 142
33 145
179 199
112 209
198 212
5 46
115 214
156 215
68 102
73 217
86 156
31 220
70 148
3 158
130 199
77 107
149 212
42 86
61 99
121 150
47 164
107 215
80 112
33 37
19 102
65 218
82 158
123 159
68 223
183 210
35 46
21 148
95 97
100 212
53 100
144 218
42 207
116 156
135 169
176 207
28 43
9 30
74 159
179 212
5 59
65 110
10 174
51 175
49 102
68 115
54 217
21 40
39 57
130 212
42 99
9 151
28 164
102 113
47 177
88 215
162 164
60 116
46 218
165 169
5 180
13 41
63 158
104 159
51 67
35 59
95 110
81 175
34 100
37 105
56 118
83 221
116 169
9 43
28 56
14 121
74 172
32 175
51 188
90 116
35 180
150 167
2 3
7 118
48 119
153 172
213 223
20 57
39 70
92 162
111 175
23 62
83 113
69 178
41 116
113 221
146 169
60 129
25 108
104 172
145 173
164 186
57 60
2 124
62 175
122 189
39 191
6 14
37 118
78 119
23 183
138 170
97 132
157 183
50 57
96 173
27 73
118 191
71 116
16 180
90 129
35 193
76 194
29 119
134 172
48 132
20 70
152 189
23 75
105 114
50 178
69 191
8 181
41 129
27 194
44 134
11 186
145 186
164 199
57 73
2 137
117 124
76 86
103 189
15 76
20 191
106 194
18 81
4 183
59 119
23 196
97 145
138 183
55 148
182 189
96 186
8 73
140 192
11 78
71 129
38 181
57 194
131 143
76 207
15 197
73 138
6 148
18 202
45 76
124 140
110 205
94 197
66 135
11 199
30 212
126 149
38 73
170 192
15 89
87 194
106 207
100 133
45 197
119 146
3 200
182 202
75 76
52 92
112 143
98 208
101 213
1 46
73 151
18 215
133 202
193 216
45 89
31 154
130 133
89 95
94 210
107 149
52 213
19 36
186 213
79 87
98 100
10 216
65 152
170 205
82 92
101 105
109 195
142 143
1 167
147 221
40 95
12 33
3 213
89 216
80 167
51 109
82 213
54 151
95 152
40 216
114 165
67 90
12 154
86 103
31 167
72 168
177 221
70 95
130 146
28 98
88 149
33 213
148 163
46 152
49 157
21 95
40 108
7 160
67 211
81 109
141 160
125 152
70 216
144 165
58 162
28 219
61 167
162 219
74 106
19 170
93 119
60 171
32 109
63 213
137 162
16 101
35 114
95 165
114 178
155 216
7 52
34 155
26 65
53 168
158 221
72 181
37 160
70 108
56 173
9 98
69 112
14 176
129 163
148 176
41 50
46 165
151 181
44 55
104 106
49 170
90 171
150 222
2 58
62 109
34 47
125 165
144 178
23 117
9 219
56 65
102 181
14 68
96 107
13 109
99 112
32 122
159 163
118 125
29 53
48 66
53 181
180 222
37 173
111 122
171 173
97 187
50 112
69 125
14 189
55 190
8 115
41 63
113 168
132 181
173 182
44 68
30 133
71 171
62 122
103 123
29 174
106 128
6 190
166 179
4 117
23 130
36 69
55 82
41 184
25 176
44 189
85 190
11 12
57 128
2 192
136 192
48 79
120 184
139 197
6 82
59 174
97 200
36 190
110 139
55 203
3 13
113 181
173 195
30 146
112 185
24 72
43 85
29 187
115 190
103 136
48 200
6 203
166 192
18 28
4 130
124 195
17 69
22 147
121 126
85 203
38 128
57 141
98 142
10 29
15 144
101 147
1 209
18 149
133 136
17 190
91 139
36 203
94 144
154 195
198 201
84 136
43 98
10 150
73 206
147 155
86 145
191 198
210 211
17 82
58 83
77 96
108 200
168 214
140 152
126 217
24 206
43 219
161 211
202 212
54 85
12 88
17 203
77 217
75 144
135 158
80 222
195 209
28 32
52 160
93 161
198 214
65 99
10 163
137 204
49 91
68 104
54 206
73 219
114 220
21 29
86 158
31 222
191 211
72 223
58 96
42 88
61 101
88 204
107 217
19 104
46 207
65 220
32 43
63 147
51 56
49 212
123 161
35 48
21 150
100 214
72 115
144 220
56 107
9 32
102 223
28 45
135 171
47 58
176 209
74 161
93 174
5 61
32 164
65 112
137 217
49 104
109 155
35 169
21 42
7 107
26 120
12 222
153 161
172 174
67 158
20 46
70 163
102 115
47 179
162 166
88 217
46 220
5 182
13 43
44 110
32 56
123 174
16 48
35 61
81 177
53 115
39 180
125 220
42 222
97 121
138 159
157 172
14 123
74 174
160 177
71 105
16 169
90 118
150 169
2 5
4 51
9 166
83 115
28 179
69 180
41 118
27 183
113 223
44 123
104 174
145 175
57 62
2 126
62 177
122 191
39 193
6 16
18 70
138 172
157 185
69 72
36 124
96 175
55 137
160 190
118 193
16 182
131 132
2 18
134 174
48 134
6 137
133 178
152 191
4 64
64 78
127 134
85 137
30 201
145 188
2 139
84 178
122 204
15 78
1 143
20 193
106 196
4 185
78 134
17 124
96 188
22 202
182 191
8 75
140 194
11 80
52 81
38 183
57 196
131 145
29 134
115 137
175 188
73 140
133 191
152 204
193 205
31 143
105 129
91 194
110 207
22 94
94 199
66 137
11 201
52 202
126 151
167 189
84 191
106 209
147 210
100 135
119 148
64 212
3 202
77 151
163 191
61 143
121 194
140 207
33 81
52 94
93 95
112 145
98 210
10 97
115 150
18 217
174 205
26 41
67 79
86 92
31 156
91 207
130 135
94 212
47 100
33 202
52 215
126 164
167 202
19 38
79 89
10 218
63 81
147 223
40 97
100 148
86 213
3 215
89 218
204 205
42 143
121 207
181 221
93 108
165 213
63 202
51 111
156 164
54 153
114 167
7 41
67 92
12 156
86 105
177 223
70 97
130 148
75 212
89 110
9 87
88 151
33 215
107 164
74 216
47 113
148 165
19 51
65 167
151 170
49 159
21 97
62 98
7 162
81 111
67 213
141 162
34 36
125 154
70 218
144 167
39 114
204 218
83 157
102 170
14 57
19 172
60 173
146 213
13 98
32 111
63 215
51 124
137 164
104 216
16 103
35 116
21 218
95 167
136 168
7 54
53 170
139 173
72 183
92 98
56 175
60 65
113 157
13 219
151 183
25 44
49 172
7 175
48 176
122 125
134 216
20 114
166 168
23 119
143 184
41 173
25 165
99 114
44 178
118 127
159 165
16 116
136 181
29 55
34 170
120 173
111 124
50 114
14 191
55 192
110 128
129 178
41 65
8 117
27 130
132 183
173 184
44 70
11 122
71 173
2 73
43 74
84 112
103 125
48 189
122 138
106 130
166 181
4 119
105 171
143 197
36 71
55 84
41 186
108 176
44 191
11 14
2 194
117 181
76 143
15 133
120 186
161 187
73 74
6 84
18 138
78 189
55 205
3 15
8 130
94 133
154 184
173 197
11 135
30 148
43 87
15 25
87 130
106 143
73 195
59 68
105 184
124 197
17 71
3 136
36 84
108 189
22 149
80 90
66 192
140 141
38 130
79 131
98 144
142 187
1 211
161 200
54 74
59 189
100 190
12 77
31 90
17 192
91 141
36 205
77 206
3 28
94 146
80 211
195 198
33 136
112 200
198 203
156 206
68 93
109 131
1 103
188 195
207 208
58 85
130 190
89 152
149 203
168 216
80 103
66 205
126 219
79 144
24 208
184 197
98 157
65 209
10 44
63 136
82 149
142 200
54 87
100 203
119 216
12 90
31 103
72 104
58 206
77 219
75 146
116 147
61 211
42 198
93 163
179 203
46 88
5 50
65 101
10 165
137 206
51 166
156 219
68 106
54 208
128 157
114 222
21 31
7 96
70 152
130 203
149 216
42 90
47 168
107 219
146 147
46 209
65 222
63 149
51 58
49 214
123 163
104 150
16 37
183 214
35 50
95 101
40 165
81 166
141 217
34 91
53 104
125 209
37 96
56 109
9 34
14 112
88 98
5 63
32 166
51 179
178 220
49 106
35 171
7 109
134 150
67 160
26 122
172 176
20 48
37 217
111 166
70 165
9 155
88 219
129 220
41 107
146 160
5 184
13 45
32 58
104 163
164 177
62 166
81 179
208 220
20 169
37 109
97 123
138 161
157 174
14 125
160 179
118 182
11 56
30 69
16 171
90 120
76 185
117 223
2 7
29 110
48 123
153 176
92 166
6 126
111 179
23 66
64 67
50 169
9 168
69 182
27 185
44 125
85 126
145 177
164 190
38 51
57 64
76 77
20 182
18 72
4 174
59 110
23 187
97 136
138 174
50 61
96 177
8 64
113 117
118 195
11 69
71 120
16 184
57 185
131 134
29 123
115 126
175 177
18 193
133 180
92 179
152 193
45 67
105 118
50 182
124 131
108 123
8 185
27 198
85 139
186 191
38 64
57 77
24 129
43 142
103 193
122 206
15 80
87 185
1 145
18 85
4 187
64 201
77 140
163 180
182 193
52 83
112 134
131 147
10 86
115 139
175 190
73 142
193 207
45 80
105 131
91 196
110 209
3 83
22 96
75 188
94 201
66 139
11 203
52 204
167 191
126 153
186 204
19 27
24 142
10 207
43 155
82 83
128 199
147 212
40 86
100 137
45 201
119 150
64 214
3 204
163 193
22 217
77 153
75 80
181 210
33 83
19 148
38 198
79 199
98 212
82 204
101 217
54 142
73 155
155 194
114 156
174 207
12 145
86 94
158 199
89 99
135 215
88 140
33 204
126 166
93 218
79 91
68 161
21 86
141 151
86 215
12 37
70 207
144 156
204 207
42 145
102 159
162 210
14 46
74 97
19 161
93 110
165 215
32 100
63 204
51 113
137 153
156 166
123 218
21 207
155 207
53 159
70 99
130 150
56 164
9 89
28 102
88 153
129 154
74 218
46 156
132 159
5 118
192 210
151 172
49 161
150 213
67 215
141 164
153 218
34 38
144 169
37 43
42 158
83 159
28 223
162 223
74 110
32 113
63 217
44 167
104 218
21 220
62 221
95 169
7 56
48 57
53 172
139 175
37 164
111 113
97 178
9 102
14 180
148 180
27 119
60 67
132 172
13 221
25 46
44 59
71 162
90 175
2 62
62 113
48 178
34 51
20 116
92 221
39 129
125 169
4 108
124 173
36 60
41 175
127 178
60 188
13 113
44 180
159 167
178 180
57 119
117 170
48 70
34 172
139 188
6 73
92 113
78 178
37 177
97 191
50 116
36 181
69 129
55 194
27 132
113 172
154 173
173 186
11 124
30 137
71 175
43 76
84 114
29 178
48 191
1 79
6 194
4 121
23 134
64 135
124 186
17 60
36 73
22 138
108 178
127 191
55 86
25 180
99 129
85 194
11 16
76 145
117 183
29 70
15 135
120 188
59 178
78 191
119 192
31 79
17 181
110 143
55 207
94 135
154 186
173 199
52 138
29 191
115 194
1 92
128 133
73 197
87 132
59 70
45 135
105 186
3 138
77 87
22 151
149 192
168 205
61 79
121 130
66 194
140 143
85 207
126 208
38 132
98 146
15 148
101 151
1 213
161 202
202 203
54 76
59 191
18 153
58 195
3 30
75 135
61 200
176 187
135 149
195 200
198 205
65 90
115 207
68 95
109 133
114 211
26 98
130 192
168 218
42 79
88 195
107 208
126 221
19 95
79 146
32 34
82 151
68 216
183 203
35 39
21 141
12 92
77 221
42 200
61 213
135 162
176 200
74 152
19 216
93 165
198 218
5 52
65 103
51 168
68 108
95 211
26 111
12 213
86 162
70 154
130 205
171 206
190 219
42 92
83 93
28 157
102 106
47 170
107 221
60 109
5 173
46 211
13 34
51 60
123 165
183 216
35 52
21 154
40 167
34 93
39 171
37 98
56 111
116 162
157 163
83 214
28 49
74 165
201 206
93 178
46 103
32 168
178 222
16 160
90 109
150 160
169 173
48 112
153 165
213 216
20 50
39 63
37 219
70 167
4 42
83 106
28 170
69 171
129 222
5 186
44 114
123 178
164 179
16 52
2 117
62 168
81 181
39 184
6 7
23 176
138 163
157 176
96 166
160 181
201 219
27 66
99 171
159 222
71 109
90 122
35 186
76 187
2 9
29 112
48 125
6 128
111 181
152 182
4 55
23 68
9 170
105 107
69 184
41 122
27 187
44 127
30 192
145 179
164 192
57 66
43 131
103 182
122 195
15 69
20 184
106 187
59 112
6 20
64 190
97 138
36 128
96 179
55 141
99 184
118 197
11 71
38 174
112 123
131 136
76 200
115 128
15 190
1 26
73 131
18 195
45 69
64 82
105 120
124 133
110 198
3 72
22 85
11 192
126 142
38 66
15 82
1 147
87 187
100 126
4 189
45 190
12 13
17 128
3 193
77 142
182 195
80 147
33 72
52 85
38 187
112 136
115 141
15 203
73 144
174 196
193 209
45 82
31 147
3 85
66 141
107 142
52 206
33 193
186 206
84 195
10 209
63 72
189 211
68 150
87 200
45 203
86 204
12 26
31 39
3 206
77 155
89 209
42 134
121 198
33 85
51 102
82 206
40 209
7 32
193 222
26 45
12 147
86 96
72 161
158 201
177 214
130 139
75 203
116 204
135 217
47 104
88 142
107 155
52 219
93 220
19 42
46 145
5 107
65 158
151 161
63 85
109 201
68 163
128 214
169 215
7 153
67 204
26 166
86 217
172 220
125 145
70 209
204 209
42 147
102 161
162 212
74 99
19 163
60 164
32 102
51 115
137 155
35 107
95 158
40 222
81 223
7 45
34 148
158 214
199 215
72 174
70 101
56 166
116 217
88 155
47 117
74 220
148 169
5 120
46 158
32 223
151 174
192 212
49 163
90 164
109 214
2 51
62 102
67 217
153 220
34 40
39 118
70 222
23 110
9 212
83 161
56 58
102 174
143 175
55 62
41 164
60 177
13 102
44 169
21 222
117 159
62 223
76 121
29 46
34 161
53 174
139 177
180 215
6 62
37 166
97 180
138 218
69 118
129 169
41 56
27 121
44 61
71 164
29 167
62 115
48 180
103 116
134 220
20 118
39 131
166 172
92 223
4 110
23 123
83 174
55 75
25 169
44 182
118 131
159 169
85 183
2 185
29 59
120 177
139 190
59 167
6 75
18 129
97 193
36 183
69 131
55 196
110 132
3 6
8 121
27 134
154 175
113 174
25 61
11 126
30 139
112 178
71 177
131 191
24 65
84 116
103 129
48 193
15 16
1 81
6 196
166 185
4 123
45 124
105 175
124 188
17 62
36 75
108 180
168 194
25 182
66 183
80 81
85 196
38 121
57 134
98 135
43 199
161 191
73 78
59 180
78 193
31 81
17 183
91 132
36 196
3 19
22 32
154 188
66 75
11 139
52 140
24 78
43 91
84 129
115 196
10 143
54 186
1 94
128 135
147 148
45 137
31 202
64 150
17 75
3 140
22 153
61 81
80 94
121 132
184 188
98 148
43 212
10 35
1 215
202 205
73 91
40 143
100 194
119 207
12 81
72 95
17 196
77 210
61 202
195 202
214 215
46 79
65 92
137 197
49 84
188 199
114 213
67 138
12 202
86 151
3 153
190 208
88 197
107 210
126 223
19 97
65 213
82 153
123 154
68 218
183 205
35 41
21 143
202 218
40 156
26 221
141 208
12 94
53 95
72 108
58 210
144 213
56 100
42 202
135 164
88 89
19 218
5 54
65 105
156 223
35 162
21 35
26 113
153 154
67 151
39 52
70 156
9 146
42 94
28 159
129 211
41 98
146 151
132 216
13 36
32 49
49 218
16 41
183 218
35 54
95 105
7 221
81 170
141 221
34 95
125 213
39 173
37 100
56 113
42 215
83 216
157 165
14 116
74 167
160 170
220 221
13 157
16 162
90 111
35 175
150 162
7 113
48 114
172 180
213 218
6 117
37 221
171 221
212 222
83 108
28 172
69 173
41 111
113 216
27 176
13 49
44 116
104 167
164 181
16 54
2 119
34 108
20 173
37 113
23 178
138 165
157 178
50 52
27 68
13 170
11 60
30 73
90 124
57 176
2 11
48 127
92 170
6 130
4 57
64 71
105 109
69 186
27 189
66 117
85 130
57 68
2 132
117 119
43 133
84 171
15 71
120 124
20 186
106 189
59 114
4 178
119 128
23 191
96 181
22 195
11 73
112 125
57 189
76 202
18 197
193 198
105 122
91 187
110 200
108 127
85 143
126 144
38 68
24 133
43 146
103 197
1 149
106 202
18 89
59 127
119 141
17 130
58 131
3 195
163 184
22 208
80 149
52 87
112 138
79 190
24 25
15 205
73 146
18 210
133 197
114 147
193 211
91 200
3 87
94 205
88 131
33 195
52 208
167 195
126 157
186 208
79 82
24 146
65 147
189 213
63 74
82 87
128 203
147 216
21 77
40 90
100 141
86 206
12 28
58 144
144 147
42 136
61 149
47 214
162 201
19 152
93 101
79 203
165 206
98 216
10 103
51 104
82 208
137 144
54 146
40 211
155 198
174 211
7 34
86 98
70 90
89 103
116 206
28 93
88 144
47 106
107 157
148 158
19 44
5 109
65 160
151 163
211 214
109 203
128 216
169 217
21 90
7 155
67 206
141 155
86 219
125 147
39 107
204 211
83 150
102 163
14 50
19 165
60 166
146 206
165 219
93 114
63 208
104 209
123 222
35 109
95 160
136 161
155 211
34 150
53 163
158 216
116 219
9 93
28 106
74 222
148 171
113 150
5 122
132 163
151 176
25 37
16 217
90 166
150 217
134 209
37 47
143 177
55 64
187 220
13 104
118 120
104 222
16 109
35 122
117 161
136 174
29 48
139 179
180 217
37 168
96 223
129 171
41 58
27 123
173 177
11 115
30 128
71 166
90 179
131 180
43 67
134 222
122 131
20 120
6 185
166 174
185 187
23 125
124 177
17 51
96 115
41 179
108 169
25 171
99 120
159 171
57 123
76 136
117 174
29 61
18 131
6 77
91 121
110 134
3 8
8 123
27 136
173 190
11 128
112 180
24 67
43 80
29 182
115 185
15 18
1 83
106 136
4 125
45 126
105 177
64 139
3 129
77 78
22 142
108 182
127 195
168 196
36 77
80 83
66 185
85 198
38 123
24 188
98 137
43 201
10 24
142 180
1 204
161 193
54 67
73 80
59 182
18 144
17 185
3 21
94 139
80 204
33 129
66 77
52 142
112 193
24 80
65 81
10 145
68 86
87 136
128 137
1 96
147 150
45 139
58 78
130 183
22 155
80 96
121 134
140 147
19 86
79 137
184 190
43 214
10 37
63 129
142 193
183 194
202 207
54 80
40 145
100 196
12 83
72 97
58 199
77 212
135 153
80 217
33 142
19 207
179 196
65 94
10 158
137 199
49 86
68 99
54 201
109 137
114 215
21 24
7 89
67 140
26 102
86 153
58 91
70 145
130 196
149 209
190 210
42 83
28 148
88 199
107 212
60 100
79 150
65 215
13 25
82 155
123 156
68 220
183 207
49 207
202 220
141 210
34 84
72 110
58 212
144 215
56 102
42 204
135 166
14 105
74 156
19 220
46 94
32 159
51 172
95 215
7 102
67 153
70 158
171 210
28 161
102 110
88 212
129 213
47 174
41 100
60 113
5 177
165 166
46 215
44 105
104 156
49 220
16 43
2 108
21 158
62 159
7 223
141 223
20 162
53 110
39 175
125 215
23 167
97 116
14 118
74 169
201 210
27 57
32 172
159 213
118 175
71 100
16 164
90 113
35 177
76 178
150 164
30 62
29 103
48 116
6 119
37 223
83 110
50 162
69 175
41 113
27 178
25 105
44 118
85 119
71 221
104 169
164 183
38 44
2 121
62 172
122 186
20 175
106 178
59 103
50 54
160 185
13 172
99 175
118 188
71 113
16 177
57 178
76 191
48 129
15 181
92 172
133 173
4 59
64 73
50 175
105 111
22 76
108 116
25 118
85 132
30 196
145 183
24 122
84 173
43 135
103 186
122 199
15 73
87 178
1 138
18 78
78 129
163 173
96 183
22 197
99 188
140 189
52 76
38 178
112 127
57 191
98 192
115 132
101 197
73 135
18 199
133 186
152 199
193 200
105 124
64 86
91 189
110 202
3 76
108 129
22 89
94 194
8 191
66 132
11 196
52 197
186 197
170 189
87 191
1 151
147 205
100 130
45 194
64 207
12 17
58 133
3 197
182 199
121 189
80 151
181 203
33 76
52 89
38 191
79 192
98 205
10 92
82 197
114 149
174 200
12 138
86 87
31 151
158 192
91 202
177 205
70 79
3 89
94 207
107 146
93 211
167 197
5 98
79 84
170 202
63 76
49 141
109 192
147 218
21 79
100 143
26 157
67 195
86 208
12 30
42 138
61 151
102 152
121 202
47 216
181 216
33 89
74 90
19 154
93 103
14 39
165 208
79 205
32 93
51 106
82 210
156 159
123 211
35 98
174 213
67 87
12 151
53 152
70 92
130 143
89 105
116 208
9 82
28 95
88 146
47 108
74 211
46 149
65 162
49 154
68 167
109 205
21 92
62 93
26 170
141 157
86 221
67 208
125 149
39 109
70 213
204 213
9 203
83 152
42 151
28 216
162 216
74 103
60 168
146 208
206 222
13 93
32 106
63 210
104 211
16 98
21 213
62 214
95 162
7 49
34 152
53 165
139 168
92 93
37 157
69 109
14 173
129 160
113 152
132 165
151 178
44 52
30 117
71 155
90 168
150 219
62 106
74 98
34 44
92 214
125 162
4 101
23 114
9 216
83 165
124 166
41 168
127 171
60 181
187 222
25 160
13 106
44 173
159 160
99 109
57 112
76 125
117 163
29 50
48 63
120 168
4 222
78 171
97 184
69 122
14 186
55 187
154 166
30 130
90 181
217 222
131 182
84 107
43 69
103 120
1 72
166 176
4 114
105 166
17 53
55 79
22 131
127 184
57 125
2 189
76 138
117 176
43 190
29 63
15 128
120 181
161 182
18 133
78 184
55 200
8 125
94 128
154 179
173 192
52 131
131 195
24 69
43 82
84 120
103 133
1 85
59 63
45 128
58 67
22 144
168 198
121 123
24 190
98 139
82 131
101 144
161 195
54 69
18 146
100 185
59 184
119 198
31 85
17 187
77 201
75 128
94 141
176 180
80 206
135 142
179 185
24 82
65 83
115 200
68 88
188 190
86 142
31 206
191 195
130 185
149 198
42 72
168 211
61 85
47 150
80 98
121 136
107 201
126 214
19 88
79 139
24 203
65 204
82 144
202 209
21 134
141 199
53 86
72 99
77 214
56 91
61 206
176 193
80 219
28 29
195 206
33 144
74 145
19 209
179 198
198 211
46 83
65 96
10 160
137 201
156 214
49 88
54 203
95 204
21 26
114 217
7 91
26 104
12 206
86 155
31 219
39 43
70 147
171 199
190 212
42 85
28 150
88 201
60 102
5 166
151 220
13 27
63 144
51 53
49 209
123 158
104 145
183 209
68 222
21 147
81 161
34 86
125 204
144 217
37 91
102 220
9 29
28 42
74 158
160 161
93 171
19 222
32 161
137 214
178 215
16 153
90 102
49 101
150 153
95 217
48 105
20 43
39 56
70 160
28 163
102 112
129 215
41 102
5 179
46 217
104 158
49 222
123 171
16 45
35 58
122 175
39 177
125 217
37 104
23 169
138 156
83 220
14 120
41 223
160 174
8 46
27 59
13 161
99 164
16 166
35 179
76 180
117 218
29 105
120 223
20 56
6 121
92 161
4 48
9 163
41 115
113 220
145 172
164 185
38 46
2 123
62 174
122 188
15 62
106 180
6 13
18 67
78 118
23 182
64 183
97 131
59 105
17 108
50 56
96 172
8 59
27 72
99 177
118 190
38 167
112 116
30 77
29 118
15 183
1 19
73 124
6 134
152 188
110 191
22 78
8 180
127 131
27 193
11 185
85 134
30 198
145 185
38 59
24 124
43 137
103 188
15 75
87 180
1 140
147 194
18 80
100 119
59 118
119 132
4 182
17 121
3 186
77 135
163 175
121 178
80 140
140 191
52 78
38 180
98 194
115 134
15 196
175 185
101 199
1 32
133 188
174 189
31 140
91 191
177 194
22 91
94 196
33 186
66 134
10 202
63 65
87 193
128 194
1 153
40 81
86 197
12 19
58 135
163 188
22 212
42 127
61 140
80 153
140 204
19 143
79 194
51 95
101 212
54 137
95 138
67 76
12 140
31 153
158 194
72 154
70 81
75 196
116 197
88 135
33 199
52 212
148 149
46 138
170 204
51 216
63 78
49 143
82 91
68 156
109 194
169 208
67 197
172 213
125 138
28 205
102 154
14 41
74 92
93 105
79 207
165 210
63 199
51 108
137 148
123 213
35 100
21 202
40 215
67 89
26 51
199 208
218 221
56 159
116 210
135 223
28 97
14 162
47 110
74 213
148 162
88 148
5 113
46 151
132 154
151 167
192 205
211 218
49 156
150 208
169 221
81 108
67 210
141 159
20 98
39 111
144 164
111 216
83 154
41 157
146 210
165 223
104 213
16 100
136 165
29 39
48 52
34 154
20 219
139 170
53 167
6 55
56 172
97 173
9 97
50 98
69 111
14 175
27 114
13 216
132 167
113 154
25 41
192 218
44 54
30 119
16 221
150 221
62 108
103 109
48 173
134 213
20 111
39 124
6 176
4 103
50 219
36 55
96 106
41 170
127 173
60 183
44 175
159 162
16 113
2 178
76 127
180 221
221 222
92 108
78 173
97 186
50 111
110 125
8 114
113 167
154 168
27 127
30 132
131 184
24 58
84 109
29 173
43 71
48 186
122 135
1 74
87 114
6 189
17 55
36 68
108 173
127 186
25 175
66 176
85 189
38 114
57 127
10 15
15 130
101 133
1 195
161 184
142 171
54 58
78 186
119 187
31 74
17 176
36 189
3 12
22 25
8 127
112 184
131 197
24 71
43 84
87 127
1 87
73 192
45 130
31 195
58 69
3 133
77 82
22 146
149 187
168 200
61 74
80 87
126 203
19 77
38 127
10 28
82 133
101 146
142 184
161 197
1 208
73 84
31 87
17 189
91 138
72 88
3 25
75 130
94 143
61 195
52 146
179 187
93 147
198 200
46 72
5 34
10 149
109 128
128 141
73 205
114 206
147 154
86 144
31 208
58 82
3 146
130 187
42 74
61 87
121 138
126 216
82 146
68 211
183 198
21 136
40 149
26 214
141 201
53 88
72 101
144 206
56 93
42 195
61 208
9 18
80 221
135 157
33 146
19 211
179 200
93 160
46 85
32 150
137 203
51 163
156 216
49 90
35 155
54 205
109 141
114 219
21 28
7 93
67 144
26 106
72 222
70 149
56 214
89 162
190 214
9 139
42 87
28 152
46 206
5 168
32 42
63 146
104 147
51 55
35 47
21 149
95 98
62 150
39 166
56 106
42 208
116 157
157 158
9 31
97 107
28 44
74 160
27 48
118 166
51 176
71 91
30 53
90 104
35 168
150 155
48 107
34 209
53 222
20 45
92 150
111 163
171 214
83 101
129 217
146 157
113 209
132 222
13 42
104 160
145 161
16 47
62 163
81 176
122 177
34 101
20 166
166 220
4 158
37 106
138 158
160 176
13 163
30 66
16 168
57 169
2 4
34 222
20 58
6 123
92 163
111 176
23 63
50 166
110 180
196 220
8 169
27 182
66 110
11 174
85 123
30 187
145 174
38 48
164 187
2 125
84 164
103 177
15 64
20 179
4 171
105 223
17 110
36 123
8 61
99 179
57 182
29 120
115 123
73 126
133 177
152 190
45 64
50 179
110 193
94 185
11 187
85 136
167 175
52 188
186 188
103 190
15 77
1 142
106 195
18 82
59 120
100 121
64 198
17 123
3 188
77 137
22 201
80 142
121 180
52 80
38 182
112 131
98 196
10 83
73 139
133 190
174 191
193 204
12 129
31 142
91 193
177 196
75 185
94 198
135 199
47 86
33 188
52 201
167 188
19 24
65 140
170 193
109 183
68 145
128 196
1 155
21 70
40 83
45 198
12 21
3 201
77 150
163 190
75 77
121 193
80 155
162 194
33 80
74 81
19 145
93 94
63 188
51 97
10 96
82 201
101 214
21 191
95 140
40 204
155 191
114 153
7 27
174 204
67 78
26 40
86 91
158 196
70 83
116 199
88 137
47 99
107 150
148 151
74 202
19 37
5 102
46 140
10 217
51 218
63 80
109 196
128 209
21 83
81 97
67 199
141 148
86 212
172 215
125 140
70 204
144 153
89 217
28 207
14 43
181 220
74 94
5 223
165 212
13 84
32 97
63 201
137 150
104 202
123 215
16 89
35 102
21 204
40 217
158 209
72 169
218 223
37 148
70 96
116 212
157 213
9 86
28 99
69 100
14 164
160 218
13 205
46 153
32 218
192 207
151 169
211 220
49 158
35 223
169 223
7 161
81 110
67 212
153 215
26 174
70 217
111 218
37 40
23 105
9 207
102 169
143 170
14 56
60 172
44 164
32 110
16 102
76 116
48 54
34 156
20 221
180 210
53 169
92 97
37 161
97 175
50 100
8 103
27 116
113 156
99 221
132 169
25 43
30 121
48 175
122 124
20 113
166 167
105 157
9 220
143 183
17 44
36 57
96 108
55 70
127 175
41 172
25 164
85 178
159 164
118 126
57 116
76 129
29 54
15 119
180 223
18 124
6 70
78 175
50 113
55 191
94 119
27 129
173 183
30 134
71 172
112 173
43 73
103 124
115 178
87 116
106 129
6 191
45 119
64 132
17 57
36 70
22 135
127 188
168 189
25 177
10 17
15 132
101 135
161 186
54 60
18 137
78 188
17 178
36 191
77 192
3 14
75 119
22 27
94 132
154 183
52 135
112 186
131 199
65 74
10 138
115 191
1 89
54 181
45 132
86 133
31 197
58 71
168 202
121 127
80 89
107 192
66 191
126 205
19 79
24 194
98 143
63 122
82 135
101 148
142 186
54 73
40 138
100 189
119 202
31 89
17 191
72 90
116 133
176 184
80 210
19 200
93 149
52 148
46 74
65 87
10 151
156 205
128 143
26 95
12 197
86 146
31 210
72 211
58 84
89 151
149 202
190 203
42 76
88 192
47 154
79 143
46 195
65 208
63 135
123 149
68 213
202 213
21 138
40 151
81 152
100 202
141 203
53 90
56 95
42 197
102 211
9 20
28 33
176 197
74 149
19 213
93 162
179 202
46 87
5 49
137 205
90 93
109 143
35 157
21 30
67 146
12 210
53 211
39 47
111 152
56 216
171 203
23 39
83 90
60 106
5 170
13 31
32 44
44 98
104 149
49 213
123 162
16 36
35 49
21 151
81 165
141 216
34 90
53 103
20 155
144 221
185 222
37 95
56 108
138 147
157 160
9 33
14 111
201 203
13 152
44 219
32 165
118 168
178 219
90 106
95 221
136 222
134 149
92 152
39 60
37 216
6 112
4 39
212 217
50 155
69 168
215 222
41 106
27 171
13 44
25 98
104 162
145 163
164 176
62 165
103 166
208 219
122 179
15 53
39 181
18 58
59 96
4 160
78 109
97 122
138 160
157 173
55 125
201 216
8 50
27 63
13 165
99 168
25 219
159 219
11 55
30 68
71 106
76 184
29 109
15 174
1 10
6 125
133 166
196 222
110 182
108 109
27 184
66 112
11 176
145 176
38 50
57 63
2 127
84 166
122 192
15 66
1 131
59 109
18 71
78 122
119 123
64 187
4 173
22 190
52 69
57 184
98 185
131 133
101 190
1 23
73 128
133 179
152 192
45 66
105 117
91 182
108 122
75 174
8 184
11 189
126 139
167 177
38 63
170 182
128 185
100 123
45 187
17 125
58 126
22 203
121 182
140 195
33 69
52 82
82 190
101 203
54 128
73 141
155 180
174 193
193 206
12 131
158 185
75 187
107 139
52 203
5 91
65 142
10 206
170 195
63 69
68 147
21 72
40 85
12 23
70 193
42 131
61 144
47 209
162 196
19 147
79 198
165 201
51 99
82 203
137 139
35 91
21 193
114 155
7 29
67 80
26 42
177 211
70 85
56 150
130 136
89 98
9 75
28 88
88 139
65 155
151 158
192 196
51 220
10 219
49 147
150 199
62 86
7 150
67 201
153 204
172 217
39 102
70 206
144 155
89 219
204 206
125 142
42 144
9 196
83 145
102 158
14 45
19 160
146 201
206 215
13 86
63 203
104 204
51 112
16 91
35 104
95 155
62 207
81 220
53 158
139 161
39 223
37 150
56 163
116 214
9 88
129 153
148 166
160 220
132 158
32 220
192 209
151 171
44 45
25 32
16 212
90 161
150 212
2 48
81 112
48 164
34 37
20 102
92 207
111 220
23 107
9 209
28 222
69 223
102 171
36 46
41 161
60 174
13 99
99 102
44 166
104 217
145 218
16 104
57 105
117 156
62 220
136 169
29 43
120 161
20 223
180 212
6 59
50 102
69 115
110 116
96 218
14 179
55 180
27 118
113 158
25 45
11 110
30 123
90 174
2 61
29 164
134 217
175 218
48 177
20 115
6 180
166 169
4 107
23 120
64 121
124 172
96 110
41 174
127 177
25 166
99 115
44 179
85 180
38 105
57 118
2 182
43 183
29 56
15 121
161 175
59 164
78 177
97 190
50 115
55 193
8 118
11 123
71 174
84 113
115 180
103 126
1 78
87 118
106 131
45 121
64 134
124 185
127 190
168 191
66 180
126 194
24 183
10 19
82 124
15 134
142 175
101 137
54 62
59 177
100 178
119 191
31 78
3 16
75 121
52 137
112 188
65 76
10 140
115 193
68 81
1 91
109 119
73 196
54 183
12 186
45 134
58 73
3 137
77 86
89 140
168 204
61 78
121 129
66 193
126 207
19 81
79 132
98 145
10 32
63 124
68 202
1 212
101 150
183 189
21 127
72 92
58 194
77 207
42 186
116 135
61 199
135 148
80 212
19 202
5 38
65 89
10 153
49 81
109 132
54 196
95 197
128 145
114 210
68 94
86 148
70 140
89 153
130 191
190 205
42 78
47 156
88 194
148 208
19 94
46 197
65 210
151 213
13 20
104 138
49 202
16 25
202 215
35 38
40 153
81 154
7 205
53 92
39 157
144 210
56 97
74 151
19 215
93 164
5 51
46 89
32 154
178 208
197 221
16 146
90 95
49 94
35 159
114 223
7 97
134 138
67 148
20 36
56 218
190 218
9 143
28 156
102 105
14 221
41 95
60 108
146 148
5 172
13 33
44 100
32 46
164 165
2 103
7 218
81 167
122 168
141 218
34 92
39 170
125 210
37 97
23 162
56 110
97 111
157 162
96 152
41 216
32 167
178 221
71 95
30 57
16 159
35 172
117 211
76 173
48 111
153 164
120 216
92 154
37 218
171 218
23 54
50 157
129 221
8 160
27 173
113 213
44 113
30 178
164 178
38 39
2 116
62 167
103 168
208 221
18 60
59 98
78 111
97 124
36 114
8 52
25 221
99 170
118 183
200 222
11 57
38 160
30 70
57 173
71 108
76 186
29 111
48 124
59 219
92 167
6 127
18 181
133 168
45 55
4 54
64 68
110 184
22 71
8 173
11 178
30 191
145 178
43 130
84 168
103 181
15 68
87 173
147 187
18 73
59 111
45 176
119 125
77 128
163 168
121 171
80 133
140 184
52 71
38 173
57 186
10 74
175 178
54 117
73 130
18 194
133 181
174 182
45 68
177 187
3 71
75 176
22 84
94 189
33 179
107 128
52 192
167 179
84 181
43 143
189 197
1 146
128 187
147 200
40 74
100 125
45 189
17 127
58 128
77 141
22 205
121 184
140 197
181 198
19 136
52 84
98 200
10 87
51 88
82 192
40 195
155 182
7 18
67 69
193 208
26 31
12 133
72 147
158 187
116 190
135 203
107 141
167 192
19 28
5 93
65 144
170 197
82 84
68 149
40 87
172 206
58 141
70 195
89 208
42 133
162 198
181 211
14 34
74 85
19 149
93 98
5 214
165 203
79 200
137 141
82 205
51 101
35 93
21 195
95 144
155 195
7 31
67 82
12 146
158 200
199 201
56 152
88 141
129 142
148 155
5 106
132 147
32 209
151 160
51 222
49 149
35 214
68 162
109 200
21 87
7 152
81 101
67 203
153 206
172 219
125 144
70 208
144 157
23 96
42 146
28 211
14 47
41 150
60 163
