196 9283
44 155
16 93
35 106
76 107
95 157
34 147
53 160
139 163
37 152
56 165
97 166
9 90
50 91
129 155
148 168
41 42
113 147
25 34
30 112
71 150
48 166
20 104
106 107
39 117
6 169
4 96
124 161
96 99
55 61
127 166
41 163
25 155
99 104
44 168
16 106
2 171
76 120
48 58
34 160
18 115
37 165
27 120
154 161
113 160
173 174
11 112
90 176
131 177
43 64
29 166
166 171
4 109
105 161
143 187
108 166
96 112
127 179
25 168
66 169
99 117
85 182
2 184
15 123
59 166
78 179
119 180
31 67
91 118
55 195
75 110
154 174
43 77
29 179
1 80
87 120
45 123
31 188
64 136
3 126
22 139
149 180
108 179
168 193
61 67
66 182
38 120
24 185
82 126
54 64
73 77
59 179
12 67
58 183
75 123
52 139
179 180
5 27
65 78
115 195
68 83
26 86
67 124
86 137
70 129
3 139
89 142
42 67
88 183
80 93
19 83
79 134
142 190
183 191
21 129
40 142
58 196
116 137
176 188
32 143
65 91
68 96
109 134
26 99
70 142
89 155
171 194
28 145
47 158
60 97
5 161
13 22
104 140
39 159
37 86
74 153
27 41
13 143
32 156
51 169
30 46
90 97
35 161
7 99
39 51
111 156
4 30
9 145
83 94
69 159
41 97
60 110
146 150
44 102
62 156
81 169
122 170
23 164
138 151
157 164
55 116
96 154
160 169
118 172
11 46
30 59
16 161
69 172
110 173
41 110
27 175
25 102
44 115
30 180
164 180
2 118
84 157
43 119
103 170
15 57
106 175
18 62
78 113
138 164
99 172
52 60
38 162
57 175
76 188
29 113
115 116
15 178
73 119
152 183
45 57
105 108
50 172
110 186
3 60
8 175
94 178
66 116
85 129
167 168
38 54
24 119
43 132
170 173
84 170
1 135
59 113
45 178
119 127
64 191
3 181
77 130
140 186
33 60
52 73
112 124
79 176
98 189
10 76
101 194
18 196
31 135
3 73
75 178
107 130
126 143
167 181
186 194
170 186
68 138
1 148
128 189
21 63
40 76
100 127
119 140
3 194
77 143
121 186
162 187
33 73
10 89
63 181
95 133
155 184
7 20
26 33
31 148
158 189
72 149
116 192
28 79
107 143
46 133
109 189
21 76
40 89
81 90
26 154
67 192
39 93
125 133
144 146
102 149
19 151
93 100
146 192
60 152
13 77
63 194
51 103
137 143
16 82
35 95
95 146
114 159
67 84
34 136
53 149
72 162
70 89
37 141
9 79
69 93
88 143
129 144
148 157
46 146
132 149
151 162
49 151
81 103
134 195
20 93
39 106
144 159
102 162
41 152
13 90
44 157
16 95
35 108
117 147
76 109
136 160
29 34
34 149
120 152
6 50
113 149
30 114
29 155
62 103
48 168
106 109
4 98
83 162
124 163
143 176
36 50
55 63
96 101
41 165
127 168
57 109
2 173
136 173
15 112
92 103
59 155
97 181
91 107
110 120
94 112
113 162
154 163
71 165
112 166
24 53
29 168
115 171
103 117
1 69
87 109
166 173
64 125
17 50
3 115
36 63
22 128
25 170
85 184
38 109
57 122
98 123
15 125
59 168
17 171
91 120
77 185
3 7
154 176
80 190
33 115
52 128
24 66
10 131
43 79
84 117
45 125
31 190
3 128
108 181
22 141
66 184
107 185
79 123
24 187
98 136
101 141
161 192
40 131
100 182
119 195
12 69
31 82
72 83
58 185
116 126
135 139
19 193
179 182
93 142
46 67
65 80
10 144
137 185
26 88
67 126
86 139
191 192
70 131
89 144
61 82
47 147
5 150
49 193
123 142
40 144
100 195
141 196
12 82
56 88
9 13
14 91
179 195
5 42
35 150
109 136
68 98
26 101
67 139
70 144
111 145
171 196
5 163
13 24
32 37
21 144
34 83
37 88
56 101
97 102
9 26
13 145
16 150
90 99
35 163
48 102
134 142
20 40
92 145
4 32
23 45
83 96
41 99
60 112
104 155
30 169
145 156
16 42
62 158
103 159
122 172
34 96
39 174
18 51
4 153
23 166
36 105
13 158
118 174
30 61
71 99
57 164
90 112
76 177
92 158
152 172
69 174
22 62
8 164
27 177
25 104
11 169
43 121
103 172
15 59
78 115
17 105
36 118
55 131
96 169
8 56
99 174
140 175
52 62
38 164
112 113
57 177
76 190
29 115
115 118
133 172
45 59
64 72
105 110
110 188
108 115
22 75
52 183
85 131
126 132
24 121
84 172
87 177
128 178
147 191
40 65
59 115
100 116
45 180
119 129
17 118
3 183
77 132
22 196
61 124
181 189
52 75
38 177
79 178
54 121
73 134
114 135
174 186
158 178
91 188
75 180
94 193
135 194
107 132
52 196
167 183
128 191
100 129
86 194
12 16
3 196
77 145
42 124
162 189
33 75
79 191
32 79
63 183
82 196
35 84
54 134
155 186
114 148
7 22
26 35
12 137
72 151
158 191
89 91
56 143
9 68
47 94
107 145
5 97
68 153
109 191
21 78
26 156
141 143
67 194
39 95
146 194
32 92
63 196
51 105
137 145
16 84
35 97
95 148
7 35
139 154
37 143
9 81
69 95
46 148
132 151
90 154
7 156
81 105
4 87
23 100
83 151
102 164
14 51
60 167
44 159
57 98
2 162
117 149
29 36
120 154
37 156
55 173
129 159
8 98
27 111
113 151
132 164
11 103
44 51
30 116
43 55
103 106
48 170
87 98
20 108
106 111
6 173
23 113
64 114
143 178
17 39
96 103
41 167
127 170
99 108
44 172
85 173
38 98
57 111
2 175
76 124
59 157
6 65
97 183
91 109
55 186
8 111
11 116
71 167
112 168
84 106
43 68
103 119
115 173
87 111
6 186
45 114
105 165
124 178
17 52
168 184
66 173
126 187
43 189
82 117
142 168
1 192
161 181
101 130
18 132
119 184
17 173
91 122
36 186
3 9
75 114
80 192
52 130
112 181
10 133
109 112
1 84
73 189
45 127
86 128
31 192
3 130
77 79
130 171
89 133
22 143
42 58
66 186
107 187
19 74
79 125
24 189
98 138
65 190
63 117
10 25
68 195
101 143
54 68
12 71
72 85
42 179
61 192
135 141
33 130
74 131
179 184
46 69
137 187
109 125
68 87
12 192
70 133
130 184
89 146
42 71
28 136
61 84
47 149
19 87
60 88
5 152
63 130
123 144
40 146
81 147
125 190
37 77
56 90
42 192
176 192
9 15
74 144
93 157
5 44
32 147
51 160
49 87
35 152
26 103
39 42
9 136
28 149
47 162
41 88
60 101
5 165
13 26
123 157
16 31
35 44
62 147
20 150
53 98
23 155
97 104
56 103
9 28
14 106
96 145
8 32
32 160
11 37
16 152
90 101
76 166
150 152
134 144
48 104
20 42
92 147
111 160
23 47
9 149
83 98
69 163
41 101
27 166
25 93
145 158
2 109
20 163
18 53
59 91
55 120
71 101
57 166
76 179
15 169
1 5
18 174
133 161
4 47
50 163
69 176
3 51
22 64
8 166
27 179
25 106
66 107
38 45
84 161
43 123
103 174
4 168
78 117
64 182
77 121
80 126
112 115
57 179
115 120
15 182
133 174
91 177
110 190
3 64
108 117
94 182
52 185
43 136
10 188
84 174
189 190
1 139
128 180
87 179
147 193
40 67
100 118
64 195
58 121
163 174
61 126
80 139
140 190
33 64
19 129
79 180
98 193
40 188
155 175
73 136
31 139
72 140
75 182
135 196
47 83
33 185
107 134
167 185
63 64
68 142
67 183
100 131
86 196
58 134
42 126
102 140
14 27
19 142
79 193
165 196
35 86
7 24
26 37
12 139
53 140
72 153
158 193
130 131
116 196
14 148
129 135
46 137
132 140
65 150
151 153
109 193
62 81
7 145
67 196
20 84
144 150
9 191
14 40
41 143
146 196
32 94
16 86
95 150
136 151
180 194
37 145
97 159
9 83
50 84
14 161
129 148
27 100
151 166
30 105
90 156
2 43
7 158
39 110
125 150
4 89
23 102
83 153
124 154
143 167
36 41
41 156
127 159
25 148
13 94
16 99
2 164
76 113
136 164
29 38
48 51
120 156
139 169
92 94
78 159
97 172
36 162
110 111
69 110
8 100
113 153
27 113
71 156
84 95
43 57
103 108
48 172
87 100
4 102
64 116
143 180
36 54
55 67
108 159
22 119
96 105
127 172
25 161
66 162
38 100
98 114
2 177
29 51
120 169
59 159
78 172
31 60
94 116
173 180
52 119
112 170
29 172
115 175
87 113
1 73
64 129
105 167
3 119
108 172
149 173
168 186
66 175
85 188
126 189
38 113
79 114
98 127
82 119
101 132
54 57
18 134
119 186
12 60
75 116
61 181
33 119
5 20
115 188
109 114
54 178
73 191
58 68
3 132
89 135
42 60
61 73
88 176
80 86
79 127
82 132
142 183
54 70
40 135
141 187
12 73
116 130
135 143
176 181
33 132
74 133
179 186
5 33
46 71
10 148
51 149
49 76
68 89
54 191
67 130
26 92
86 143
53 195
130 186
42 73
5 154
104 133
123 146
81 149
34 74
53 87
39 152
37 79
116 143
83 195
9 17
28 30
93 159
27 34
13 136
51 162
30 39
49 89
35 154
48 93
20 31
111 149
9 138
28 151
69 152
13 28
44 95
104 146
145 147
62 149
34 87
20 152
37 92
138 144
97 106
96 147
160 162
27 47
13 149
99 152
118 165
71 90
35 167
76 168
48 106
134 146
92 149
23 49
69 165
8 155
41 103
27 168
44 108
145 160
43 112
103 163
15 50
106 168
59 93
23 170
64 171
8 47
99 165
118 178
11 52
52 53
29 106
1 7
133 163
45 50
91 166
22 66
94 171
27 181
11 173
30 186
38 47
18 68
4 170
64 184
77 123
121 166
80 128
38 168
98 182
73 125
18 189
12 115
45 63
91 179
110 192
33 174
167 174
65 126
189 192
68 131
1 141
58 123
3 187
77 136
80 141
181 193
33 66
19 131
79 182
10 82
51 83
82 187
63 174
114 139
7 13
12 128
31 141
75 184
116 185
28 72
88 123
33 187
46 126
65 139
49 131
68 144
109 182
169 196
21 69
40 82
70 190
58 136
28 193
102 142
162 193
14 29
74 80
19 144
146 185
79 195
51 96
95 139
7 26
26 39
67 77
72 155
9 72
14 150
129 137
148 150
5 101
46 139
132 142
49 144
90 145
150 196
2 32
81 96
26 160
141 147
125 139
144 152
23 91
143 156
14 42
41 145
60 158
32 96
2 153
76 102
117 140
34 142
120 145
53 155
6 43
37 147
129 150
55 164
27 102
25 29
2 45
62 96
29 148
48 161
39 112
143 169
127 161
44 163
85 164
57 102
2 166
136 166
29 40
15 105
139 171
59 148
92 96
6 56
18 110
78 161
97 174
154 156
11 107
30 120
71 158
43 59
84 97
115 164
48 174
6 177
4 104
124 169
17 43
36 56
108 161
66 164
57 115
24 167
98 116
15 118
101 121
1 183
18 123
59 161
78 174
119 175
31 62
17 164
91 113
77 178
110 126
94 118
154 169
84 110
1 75
105 169
3 121
108 174
149 175
168 188
61 62
79 116
142 172
1 196
101 134
54 59
100 175
12 62
31 75
77 191
80 196
52 134
46 60
5 22
65 73
10 137
137 178
54 180
128 129
73 193
67 119
26 81
31 196
70 124
58 70
130 175
42 62
61 75
47 140
46 181
79 129
65 194
5 143
63 121
183 186
21 124
141 189
53 76
144 194
56 81
116 132
61 196
135 145
176 183
74 135
93 148
46 73
32 138
137 191
51 151
95 194
67 132
12 196
171 189
42 75
88 191
129 192
41 79
60 92
46 194
13 17
44 84
123 148
53 89
125 194
39 154
74 148
27 36
32 151
118 154
159 192
71 79
16 143
7 94
134 135
20 33
6 98
92 138
39 46
4 25
23 38
28 153
145 149
16 35
122 165
34 89
20 154
37 94
78 95
23 159
157 159
27 49
118 167
11 41
16 156
29 95
134 148
4 38
69 167
22 55
25 97
66 98
11 162
85 111
145 162
164 175
2 113
15 52
20 167
106 170
59 95
78 108
64 173
96 162
8 49
99 167
11 54
52 55
38 157
76 183
73 114
133 165
152 178
50 167
91 168
3 55
22 68
8 170
94 173
66 111
11 175
24 114
87 170
1 130
106 183
147 184
45 173
163 165
61 117
80 130
33 55
79 171
115 124
82 176
101 189
54 114
73 127
114 128
174 179
12 117
91 181
177 184
3 68
88 112
33 176
107 125
167 176
170 181
189 194
109 171
128 184
21 58
40 71
100 122
86 187
89 192
61 130
47 195
121 181
181 195
33 68
51 85
21 179
95 128
40 192
155 179
53 131
158 184
56 136
75 186
116 187
28 74
47 87
107 138
19 25
5 90
7 136
70 192
42 130
102 144
162 195
14 31
13 72
137 138
95 141
7 28
34 131
53 144
72 157
37 136
14 152
113 131
13 193
5 103
49 146
90 147
62 85
7 149
48 150
20 88
125 141
23 93
9 195
14 44
41 147
13 85
44 152
16 90
35 103
2 155
117 142
136 155
120 147
139 160
37 149
78 150
129 152
27 104
90 160
29 150
6 166
4 93
124 158
143 171
36 45
108 150
41 160
25 152
99 101
44 165
38 91
2 168
76 117
117 155
120 160
6 58
17 153
36 166
55 179
8 104
94 107
27 117
11 109
112 161
84 99
43 61
1 64
87 104
106 117
4 106
64 120
17 45
108 163
168 177
66 166
24 169
43 182
101 123
100 164
31 64
17 166
94 120
52 123
112 174
24 61
10 126
1 77
73 182
45 120
3 123
89 126
130 164
22 136
42 51
168 190
126 193
19 67
63 110
82 123
54 61
40 126
100 177
72 78
58 180
77 193
42 172
33 123
52 136
93 137
46 62
10 139
68 80
54 182
109 118
114 196
12 185
70 126
149 190
61 77
28 129
88 180
47 142
107 193
46 183
82 136
183 188
21 126
40 139
81 140
72 91
125 183
58 193
42 185
176 185
14 86
5 37
32 140
51 153
137 193
178 194
95 196
7 83
34 186
111 140
23 27
28 142
41 81
13 19
104 137
123 150
81 153
20 143
125 196
37 83
56 96
23 148
14 99
55 100
74 150
13 140
118 156
159 194
71 81
16 145
30 43
90 94
76 159
48 97
20 35
111 153
83 91
69 156
41 94
27 159
25 86
85 100
30 164
62 153
122 167
15 41
20 156
39 169
59 84
4 148
78 97
23 161
97 110
18 46
36 100
55 113
160 166
27 51
13 153
118 169
16 158
57 159
29 97
92 153
133 154
4 40
69 169
110 170
8 159
27 172
66 100
11 164
85 113
30 177
145 164
24 103
122 180
1 119
106 172
59 97
64 175
36 113
77 114
96 164
22 178
80 119
99 169
57 172
15 175
101 178
1 11
54 103
133 167
45 54
91 170
3 57
22 70
8 172
94 175
107 114
52 178
126 127
24 116
1 132
128 173
87 172
40 60
100 111
119 124
58 114
3 178
22 191
121 170
140 183
181 184
33 57
52 70
38 172
10 73
101 191
73 129
155 168
31 132
177 186
94 188
135 189
33 178
167 178
93 192
65 130
170 183
68 135
21 60
40 73
26 138
86 189
58 127
70 181
89 194
42 119
61 132
102 133
14 20
19 135
32 74
51 87
123 192
35 79
21 181
95 130
26 30
12 132
67 68
53 133
158 186
70 73
116 189
9 63
33 191
5 92
68 148
21 73
62 74
81 87
153 192
70 194
42 132
83 133
60 149
13 74
32 87
51 100
16 79
35 92
62 195
136 144
95 143
37 138
56 151
69 90
14 154
113 133
27 93
13 195
151 159
30 98
71 136
7 151
48 152
125 143
23 95
83 146
143 160
41 149
44 154
57 93
2 157
117 144
136 157
139 162
6 47
97 165
55 168
27 106
25 33
11 98
131 163
2 49
48 165
1 53
20 103
4 95
64 109
17 34
108 152
55 60
127 165
22 112
25 154
38 93
117 157
43 171
15 109
161 163
18 114
59 152
78 165
17 155
36 168
55 181
8 106
112 163
131 176
24 50
87 106
1 66
73 171
6 181
64 122
3 112
22 125
149 166
168 179
38 106
24 171
43 184
82 112
161 176
59 165
100 166
31 66
91 117
77 182
3 4
75 109
80 187
33 112
52 125
24 63
10 128
68 69
54 171
26 72
58 61
3 125
130 166
89 128
168 192
61 66
126 195
24 184
65 185
98 133
82 125
68 190
40 128
100 179
141 180
77 195
42 174
116 123
33 125
74 126
19 190
65 77
10 141
68 82
7 72
70 128
47 144
148 196
49 190
123 139
183 190
21 128
40 141
81 142
34 67
56 85
116 136
74 139
93 152
5 39
46 77
32 142
137 195
178 196
51 155
48 86
34 188
171 193
9 131
69 145
129 196
113 188
44 88
104 139
16 26
20 145
39 158
37 85
97 99
96 140
27 40
99 145
32 155
159 196
71 83
90 96
35 160
76 161
29 86
48 99
134 139
4 29
9 144
50 145
69 158
11 153
44 101
85 102
30 166
62 155
103 156
15 43
106 161
4 150
138 150
97 112
17 89
99 158
118 171
11 45
38 148
71 96
57 161
30 58
29 99
73 105
92 155
133 156
91 159
3 46
22 59
11 166
30 179
24 105
43 118
103 169
15 56
87 161
18 61
4 163
45 164
64 177
17 102
36 115
121 159
80 121
33 46
98 175
15 177
1 13
73 118
18 182
133 169
45 56
91 172
110 185
75 164
22 72
107 116
24 118
1 134
128 175
40 62
45 177
86 178
119 126
58 116
3 180
77 129
22 193
163 169
89 183
42 108
121 172
181 186
19 124
98 188
63 167
10 75
101 193
114 132
193 196
72 135
158 175
75 177
116 178
47 78
33 180
88 116
167 180
5 81
10 196
109 175
128 188
169 189
21 62
40 75
67 178
172 194
58 129
42 121
14 22
19 137
32 76
95 132
7 19
26 32
34 122
53 135
72 148
158 188
70 75
56 140
116 191
28 78
88 129
74 194
90 138
2 25
62 76
7 140
67 191
153 194
20 79
125 132
39 92
70 196
144 145
23 84
83 135
102 148
143 149
32 89
104 194
35 94
117 133
21 196
34 135
120 138
6 36
56 153
97 154
113 135
27 95
71 138
30 100
90 151
2 38
62 89
134 194
48 154
20 92
6 157
4 84
83 148
143 162
127 154
13 89
117 146
120 151
18 103
59 141
50 92
36 157
55 170
8 95
27 108
11 100
71 151
131 165
84 90
115 157
48 167
87 95
106 108
4 97
45 98
64 111
124 162
17 36
22 114
108 154
127 167
25 156
66 157
85 170
38 95
43 173
15 111
101 114
1 176
142 152
78 167
119 168
31 55
17 157
36 170
55 183
8 108
154 162
11 113
52 114
131 178
10 117
43 65
84 103
87 108
64 124
31 176
3 114
22 127
149 168
168 181
98 122
43 186
40 117
100 168
119 181
12 55
91 119
94 124
33 114
65 66
10 130
54 173
114 187
67 112
86 125
31 189
58 63
130 168
149 181
79 122
63 114
68 192
40 130
26 195
100 181
12 68
53 69
72 82
144 187
42 176
116 125
179 181
93 141
65 79
137 184
109 122
7 74
67 125
26 87
53 190
56 195
171 182
190 195
28 133
88 184
47 146
41 72
60 85
46 187
44 77
49 192
21 130
62 131
7 195
81 144
125 187
39 147
37 74
42 189
83 190
14 90
159 185
118 147
71 72
16 136
48 88
34 190
37 195
111 144
171 195
23 31
9 133
69 147
41 85
27 150
60 98
13 23
104 141
16 28
2 93
62 144
34 82
78 88
23 152
97 101
36 91
55 104
13 144
99 147
90 98
92 144
111 157
152 158
23 44
69 160
22 48
85 104
30 168
145 155
164 168
2 106
84 145
87 150
20 160
106 163
59 88
18 50
78 101
23 165
64 166
96 155
99 160
57 163
76 176
29 101
15 166
1 2
18 171
152 171
8 163
11 168
85 117
38 42
84 158
103 171
106 176
100 102
64 179
17 104
58 105
3 169
80 123
33 48
52 61
38 163
10 64
101 182
54 107
133 171
31 123
3 61
75 166
94 179
135 180
88 105
47 67
167 169
126 131
68 126
109 164
21 51
45 179
58 118
3 182
77 131
121 174
162 175
47 188
33 61
19 126
79 177
10 77
82 182
101 195
21 172
40 185
155 172
114 134
174 185
75 179
116 180
47 80
33 182
46 121
109 177
128 190
40 77
7 129
67 180
26 142
86 193
83 124
162 188
74 75
19 139
60 140
146 180
165 193
63 182
123 196
16 70
21 185
158 190
56 142
9 67
46 134
132 137
13 186
2 27
62 78
7 142
81 91
67 193
153 196
26 155
39 94
125 134
23 86
102 150
143 151
14 37
13 78
32 91
104 196
16 83
2 148
35 96
136 148
139 153
97 156
138 194
9 80
69 94
14 158
55 159
129 145
113 137
132 150
11 89
2 40
134 196
20 94
6 159
4 86
23 99
64 100
105 138
143 164
17 25
127 156
85 159
57 97
120 153
59 143
91 95
55 172
94 100
27 110
11 102
71 153
112 154
30 115
131 167
43 54
84 92
48 169
1 57
87 97
106 110
45 100
105 151
17 38
3 103
36 51
108 156
66 159
15 113
161 167
31 57
17 159
80 178
24 54
87 110
1 70
45 113
86 114
3 116
89 119
22 129
149 170
66 172
79 111
10 11
63 103
82 116
1 191
40 119
100 170
12 57
17 172
58 173
77 186
75 113
61 178
33 116
52 129
19 181
93 130
5 17
137 173
156 186
68 73
54 175
73 188
67 114
12 178
31 191
72 192
70 119
149 183
47 135
107 186
19 73
46 176
63 116
49 181
82 129
21 119
81 133
141 184
53 71
72 84
58 186
144 189
56 76
116 127
61 191
135 140
176 178
93 143
179 183
46 68
137 186
51 146
7 76
67 127
26 89
53 192
70 132
171 184
28 135
47 148
5 151
132 192
44 79
104 130
123 143
16 17
21 132
53 84
20 136
39 149
37 76
23 141
42 191
83 192
9 14
74 143
41 195
27 31
32 146
30 36
35 151
34 192
92 133
4 20
9 135
50 136
83 84
69 149
41 87
25 79
85 93
104 143
30 157
71 195
16 30
2 95
122 160
15 34
20 149
59 77
4 141
78 90
97 103
36 93
96 144
8 31
99 149
11 36
30 49
29 90
48 103
6 106
133 147
92 146
50 149
8 152
27 165
66 93
85 106
30 170
145 157
84 147
122 173
87 152
1 112
18 52
78 103
8 44
140 163
38 152
57 165
101 171
1 4
54 96
18 173
152 173
45 47
3 50
75 155
22 63
66 106
11 170
1 125
128 166
147 179
100 104
45 168
17 106
3 171
77 120
61 112
121 163
38 165
10 66
73 122
114 123
155 161
40 174
31 125
158 166
91 176
177 179
3 63
94 181
47 69
33 171
126 133
5 72
170 176
68 128
21 53
40 66
26 131
86 182
58 120
70 174
3 184
80 138
162 177
33 63
19 128
79 179
32 67
63 171
51 80
82 184
123 185
95 123
40 187
155 174
7 10
12 125
158 179
72 139
116 182
47 82
33 184
74 185
46 123
32 188
49 128
109 179
68 141
21 66
62 67
7 131
26 144
153 185
86 195
39 83
42 125
83 126
162 190
14 26
74 77
19 141
60 142
13 67
32 80
104 185
95 136
62 188
7 23
34 126
139 142
72 152
157 196
9 69
28 82
69 83
151 152
16 193
90 142
150 193
62 80
134 185
20 83
92 188
23 88
143 153
41 142
146 195
13 80
57 86
2 150
76 99
136 150
37 144
78 145
138 196
55 161
25 26
11 91
71 142
30 104
29 145
48 158
20 96
4 88
143 166
22 105
108 145
127 158
44 160
57 99
2 163
117 150
43 164
29 37
15 102
18 107
78 158
31 46
17 148
36 161
8 99
52 105
112 156
24 43
84 94
43 56
103 107
106 112
6 174
17 40
108 158
168 172
85 174
24 164
43 177
82 105
15 115
142 156
101 118
18 120
100 159
12 46
31 59
80 180
10 121
115 174
54 164
73 177
86 116
31 180
130 159
89 121
107 175
126 188
19 62
79 113
24 177
63 105
10 13
82 118
68 183
100 172
12 59
53 60
72 73
77 188
80 193
33 118
74 119
93 132
5 19
10 134
51 135
109 113
54 177
68 75
114 191
7 65
67 116
12 180
47 137
107 188
46 178
65 191
151 194
63 118
104 119
123 132
68 196
81 135
72 86
58 188
144 191
125 178
37 65
39 138
56 78
42 180
116 129
102 194
74 132
51 148
178 189
16 127
95 191
34 181
70 134
111 135
171 186
28 137
88 188
129 189
60 89
5 153
13 14
49 196
16 19
2 84
122 149
34 73
20 138
125 191
39 151
78 79
96 133
55 95
27 33
13 135
99 138
118 151
29 79
48 92
20 30
6 95
111 148
4 22
23 35
9 137
50 138
8 141
27 154
44 94
11 146
122 162
4 143
64 157
97 105
138 143
36 95
27 46
11 38
38 141
30 51
18 162
6 108
92 148
152 162
4 35
110 165
3 39
94 157
27 167
66 95
85 108
30 172
145 159
43 111
84 149
147 168
36 108
3 160
22 173
80 114
33 39
57 167
10 55
101 173
1 6
73 111
18 175
75 157
66 108
52 173
24 111
10 176
87 167
1 127
147 181
40 55
100 106
45 170
86 171
89 176
121 165
80 127
33 52
19 117
52 65
98 181
63 160
82 173
114 125
174 176
72 128
158 168
75 170
116 171
135 184
28 58
88 109
33 173
107 122
65 125
170 178
68 130
128 181
40 68
86 184
172 187
58 122
70 176
42 114
61 127
47 192
146 171
79 181
32 69
63 173
82 186
123 187
35 74
21 176
95 125
40 189
114 138
7 12
53 128
158 181
116 184
9 58
88 122
74 187
65 138
32 190
35 195
150 182
68 143
21 68
7 133
26 146
67 184
20 72
39 85
23 77
9 179
162 192
41 131
60 144
35 87
117 126
21 189
62 190
34 128
53 141
6 29
37 133
50 72
69 85
14 149
113 128
71 131
30 93
150 195
62 82
7 146
20 85
39 98
6 150
92 190
4 77
83 141
50 193
41 144
60 157
25 136
13 82
44 149
2 152
76 101
117 139
139 157
37 146
78 147
50 85
69 98
55 163
90 157
24 32
43 45
29 147
48 160
45 91
143 168
36 42
66 150
85 163
38 88
15 104
1 169
59 147
78 160
17 150
110 112
55 176
75 91
94 104
154 155
11 106
52 107
84 96
10 110
115 163
43 58
1 61
87 101
105 155
31 169
149 161
66 163
38 101
24 166
98 115
142 158
40 110
100 161
77 177
75 104
94 117
33 107
52 120
93 121
112 171
156 177
54 166
73 179
67 105
26 67
3 120
89 123
168 187
88 164
126 190
79 115
24 179
63 107
40 123
26 188
141 175
100 174
53 62
58 177
144 180
77 190
42 169
61 182
80 195
46 59
32 124
137 177
156 190
49 64
68 77
35 129
95 180
53 183
72 196
70 123
56 188
89 136
9 113
47 139
107 190
5 142
151 196
104 121
123 134
21 123
7 188
81 137
53 75
39 140
144 193
56 80
42 182
83 183
102 196
14 83
13 124
51 150
178 191
16 129
95 193
136 194
7 80
48 81
53 196
92 124
37 188
171 188
4 11
9 126
41 78
25 70
44 83
2 86
62 137
20 140
39 153
37 80
23 145
83 196
14 96
96 135
27 35
25 191
71 78
90 91
57 143
76 156
48 94
20 32
6 97
111 150
23 37
69 153
22 41
27 156
25 83
11 148
85 97
87 143
20 153
59 81
4 145
78 94
23 158
64 159
96 148
99 153
11 40
29 94
15 159
6 110
50 153
8 156
66 97
11 161
24 100
103 164
147 170
59 94
18 56
45 159
64 172
3 162
77 111
33 41
98 170
15 172
101 175
18 177
133 164
45 51
31 116
94 172
135 173
65 114
10 178
109 157
1 129
68 119
21 44
40 57
45 172
86 173
3 175
77 124
163 164
121 167
80 129
162 168
98 183
10 70
82 175
21 165
95 114
54 113
114 127
177 183
75 172
135 186
28 60
47 73
107 124
65 127
51 192
128 183
169 184
26 135
67 173
86 186
172 189
42 116
47 194
162 181
14 17
181 194
19 132
60 133
51 84
35 76
95 127
7 14
34 117
53 130
72 143
158 183
116 186
157 187
74 189
32 192
49 132
90 133
2 20
67 186
153 189
125 127
70 191
39 87
9 181
83 130
28 194
14 30
41 133
146 186
13 71
44 138
104 189
16 76
2 141
76 90
35 89
62 192
120 133
20 195
180 184
53 143
97 149
14 151
96 190
27 90
13 192
113 130
30 95
90 146
2 33
62 84
92 192
9 194
64 93
50 195
143 157
41 146
127 149
25 138
85 152
38 77
117 141
136 154
139 159
18 98
78 149
50 87
36 152
27 103
71 146
131 160
84 85
43 47
115 152
1 50
87 90
6 165
45 93
64 106
105 144
36 44
3 96
22 109
108 149
127 162
25 151
66 152
38 90
98 104
15 106
1 171
18 111
78 162
31 50
110 114
80 171
112 160
115 165
54 155
3 109
89 112
66 165
126 179
19 53
79 104
24 168
98 117
43 181
63 96
82 109
142 160
1 184
161 173
101 122
40 112
100 163
12 50
17 165
58 166
77 179
75 106
61 171
33 109
19 174
52 122
5 10
54 168
73 181
114 182
26 69
12 171
86 120
70 112
130 163
89 125
42 50
28 115
47 128
107 179
19 66
46 169
5 131
65 182
63 109
49 174
82 122
68 187
21 112
100 176
53 64
58 179
42 171
61 184
102 185
74 123
19 187
46 61
32 126
137 179
156 192
49 66
68 79
35 131
95 182
7 69
26 82
67 120
70 125
56 190
130 176
9 115
28 128
47 141
148 193
60 80
5 144
46 182
65 195
132 185
44 72
104 123
49 187
21 125
81 139
141 190
39 142
125 182
144 195
56 82
83 185
41 188
13 126
44 193
178 193
16 131
35 144
95 195
136 196
7 82
34 185
20 21
92 126
129 193
113 185
60 93
13 18
71 188
2 88
106 145
39 155
166 196
125 195
23 147
8 24
27 37
118 155
30 42
16 144
117 196
29 83
134 136
92 139
133 140
152 153
4 26
50 142
69 155
27 158
11 150
85 99
2 101
103 153
122 166
87 145
18 45
78 96
17 86
99 155
57 158
10 46
29 96
15 161
18 166
133 153
152 166
110 169
3 43
22 56
8 158
94 161
75 148
84 153
43 115
147 172
45 161
64 174
22 177
80 118
33 43
38 158
79 159
82 164
73 115
18 179
94 174
135 175
88 100
33 164
24 115
65 116
68 121
109 159
40 59
100 110
26 124
86 175
61 118
47 183
80 131
181 183
63 164
82 177
95 116
114 129
12 118
158 172
72 132
177 185
56 124
28 62
47 75
46 116
5 78
65 129
10 193
49 121
68 134
169 186
21 59
67 175
42 118
28 183
47 196
162 183
60 135
165 188
13 60
63 177
104 178
123 191
35 78
34 119
72 145
37 124
56 137
116 188
157 189
9 62
28 75
69 76
14 140
160 194
13 181
32 194
30 84
16 186
49 134
2 22
62 73
48 138
134 178
81 86
92 181
39 89
23 81
83 132
14 32
13 73
104 191
16 78
2 143
76 92
62 194
136 143
139 148
6 33
37 137
78 138
69 89
14 153
27 92
113 132
132 145
13 194
11 84
30 97
71 135
90 148
131 149
2 35
175 192
20 89
92 194
6 154
4 81
23 94
105 133
17 20
143 159
108 138
127 151
85 154
117 143
29 30
15 95
120 148
6 46
59 138
78 151
50 89
36 154
11 97
112 149
131 162
24 36
29 151
87 92
73 157
45 95
64 108
124 159
17 33
22 111
108 151
66 154
126 168
15 108
101 111
161 162
18 113
91 103
75 95
80 173
154 159
33 98
52 111
10 114
54 157
12 160
31 173
107 168
79 106
65 171
82 111
101 124
68 176
40 114
100 165
31 65
75 108
80 186
74 112
19 176
5 12
46 50
10 127
137 168
51 128
156 181
95 171
7 58
12 173
86 122
31 186
72 187
89 127
149 178
28 117
47 130
88 168
107 181
5 133
65 184
49 176
123 125
40 127
7 179
141 179
53 66
125 171
58 181
144 184
42 173
61 186
102 187
19 189
93 138
60 190
5 25
46 63
137 181
49 68
95 184
7 71
26 84
111 128
56 192
171 179
190 192
9 117
28 130
88 181
148 195
41 69
46 184
132 187
90 190
7 192
81 141
122 142
53 79
83 187
55 88
41 190
8 13
13 128
99 131
44 195
32 141
118 144
178 195
30 31
35 146
76 147
120 190
20 23
6 88
37 192
171 192
50 131
69 144
113 187
25 74
44 87
71 190
29 193
103 142
122 155
15 29
20 144
59 72
4 136
23 149
97 98
36 88
27 39
118 157
38 134
76 160
29 85
59 193
92 141
133 142
18 155
50 144
91 145
110 158
3 32
22 45
25 87
66 88
11 152
85 101
30 165
84 142
43 104
1 107
4 149
45 150
36 101
22 166
121 145
140 158
10 48
101 166
73 104
18 168
31 107
91 158
3 45
75 150
94 163
66 101
52 166
84 155
1 120
87 160
147 174
64 176
17 101
3 166
140 171
33 45
19 110
79 161
98 174
10 61
40 169
114 118
155 156
31 120
72 121
158 161
75 163
116 164
135 177
47 64
33 166
88 102
52 179
93 180
46 105
170 171
109 161
128 174
169 175
26 126
100 112
58 115
89 182
42 107
102 121
181 185
19 123
32 62
63 166
51 75
82 179
123 180
35 67
95 118
40 182
56 126
116 177
135 190
9 51
28 64
88 115
74 180
93 193
65 131
51 196
109 174
150 175
35 188
26 139
153 180
70 182
83 121
165 190
44 129
104 180
123 193
35 80
21 182
95 131
53 134
6 22
37 126
97 140
138 178
157 191
9 64
50 65
74 193
160 196
27 81
132 134
71 124
62 75
134 180
6 143
39 91
92 183
4 70
23 83
9 185
127 140
60 150
104 193
117 132
62 196
34 134
180 188
6 35
4 191
37 139
138 191
97 153
69 91
36 143
27 94
11 86
71 137
90 150
131 151
2 37
29 140
175 194
105 135
124 148
22 100
25 142
66 143
2 158
117 145
15 97
120 150
59 140
119 154
31 41
17 143
91 92
36 156
55 169
75 84
8 94
94 97
131 164
24 38
43 51
115 156
87 94
73 159
45 97
64 110
22 113
126 170
98 108
43 172
82 100
142 151
1 175
119 167
17 156
58 157
91 105
94 110
80 175
33 100
52 113
10 116
156 170
73 172
26 60
67 98
31 175
70 103
3 113
149 167
168 180
107 170
126 183
79 108
82 113
142 164
21 103
100 167
12 54
53 55
144 173
56 60
61 175
80 188
74 114
93 127
137 170
51 130
49 57
54 172
95 173
114 186
7 60
26 73
12 175
53 176
67 111
70 116
130 167
56 181
42 54
28 119
148 184
60 71
5 135
65 186
63 113
104 114
49 178
68 191
21 116
7 181
34 55
53 68
39 133
102 189
14 76
51 143
92 117
56 194
190 194
28 132
113 176
60 84
5 148
25 63
44 76
49 191
2 79
62 130
7 194
48 195
122 144
39 146
166 187
37 73
14 89
96 128
41 192
27 28
25 184
13 130
99 133
159 184
30 33
16 135
29 74
48 87
120 192
4 17
23 30
69 146
8 136
113 189
11 141
30 154
43 93
29 195
103 144
15 31
20 146
59 74
78 87
23 151
97 100
64 152
17 77
36 90
11 33
71 84
29 87
15 152
73 93
6 103
18 157
59 195
152 157
50 146
11 154
30 167
24 93
103 157
87 149
59 87
4 151
64 165
17 90
3 155
38 149
57 162
98 163
10 50
101 168
73 106
133 157
31 109
66 103
52 168
24 106
65 107
10 171
68 112
1 122
147 176
100 101
86 166
3 168
77 117
22 181
61 109
121 160
33 47
19 112
79 163
98 176
63 155
101 181
54 106
40 171
114 120
155 158
31 122
72 123
75 165
116 166
135 179
88 104
47 66
52 181
46 107
10 184
51 185
49 112
109 163
68 125
169 177
21 50
40 63
67 166
26 128
86 179
172 182
58 117
42 109
102 123
162 174
181 187
19 125
60 126
146 166
165 179
63 168
51 77
123 182
35 69
155 171
158 176
37 115
88 117
46 120
49 125
90 126
35 190
62 64
7 128
134 169
67 179
26 141
172 195
20 67
111 185
23 72
28 187
102 136
14 23
41 126
164 196
2 134
21 184
62 185
120 126
53 136
20 188
97 142
157 193
9 66
129 131
8 70
13 185
71 126
16 190
90 139
29 129
134 182
48 142
194 196
92 185
6 145
83 136
50 188
124 137
145 196
57 83
136 147
6 37
18 91
4 193
97 155
36 145
8 83
113 136
24 27
48 155
175 196
6 158
45 86
105 137
124 150
17 24
108 142
66 145
85 158
38 83
24 148
57 96
43 161
101 102
1 164
59 142
77 159
94 99
131 166
24 40
10 105
84 91
87 96
1 56
105 150
31 164
66 158
107 159
43 174
82 102
142 153
161 166
17 158
58 159
77 172
33 102
10 118
156 172
54 161
73 174
67 100
70 105
89 118
88 159
47 121
126 185
19 59
5 124
68 180
21 105
40 118
100 169
141 170
26 183
53 57
58 172
144 175
74 116
46 54
51 132
156 185
109 110
35 124
95 175
114 188
7 62
72 191
56 183
148 186
60 73
46 175
132 178
65 188
151 191
44 65
104 116
123 129
68 193
21 118
62 119
7 183
26 196
34 57
125 175
39 135
83 178
102 191
14 78
74 129
60 194
44 186
178 186
35 137
95 188
136 189
139 194
56 196
9 121
69 135
60 86
25 65
44 78
104 129
30 143
71 181
90 194
2 81
81 145
122 146
15 20
39 148
18 25
37 75
36 79
96 130
41 194
55 92
27 30
25 186
13 132
99 135
118 148
30 35
76 151
29 76
48 89
34 191
92 132
37 196
6 92
4 19
110 149
22 36
8 138
113 191
27 151
25 78
66 79
11 143
85 92
71 194
43 95
84 133
1 98
20 148
106 151
78 89
23 153
64 154
36 92
22 157
55 105
8 30
11 35
29 89
73 95
31 98
110 162
22 49
94 154
66 92
11 156
85 105
52 157
87 151
147 165
45 154
58 93
3 157
22 170
80 111
140 162
33 36
79 152
10 52
82 157
101 170
18 172
12 98
31 111
91 162
3 49
94 167
47 55
33 157
52 170
65 109
10 173
68 114
128 165
147 178
40 52
45 167
3 170
89 173
42 98
80 124
121 162
33 49
98 178
63 157
51 66
54 108
95 109
12 111
72 125
158 165
177 178
75 167
116 168
135 181
28 55
47 68
107 119
74 171
93 184
5 71
65 122
109 165
68 127
21 52
67 168
86 181
39 69
70 173
83 112
5 192
32 66
63 170
123 184
16 58
21 173
40 186
7 9
72 138
39 190
37 117
9 55
74 184
5 84
46 122
32 187
90 128
169 192
62 66
7 130
134 171
70 186
111 187
23 74
83 125
28 189
69 190
146 181
25 120
13 66
44 133
2 136
117 123
62 187
34 125
6 26
37 130
78 131
138 182
129 133
55 147
8 72
27 85
13 187
71 128
16 192
29 131
48 144
20 82
92 187
6 147
50 190
124 139
143 152
41 141
187 195
44 146
38 72
2 149
43 150
15 88
59 131
18 93
78 144
17 134
36 147
27 98
11 90
112 142
29 144
1 45
45 88
124 152
3 91
22 104
108 144
85 160
126 161
79 86
24 150
43 163
15 101
101 104
1 166
59 144
100 145
12 32
31 45
36 160
77 161
75 88
52 104
24 42
10 107
1 58
73 163
45 101
12 153
89 107
149 158
168 171
126 174
19 48
79 99
24 163
98 112
82 104
101 117
40 107
12 45
58 161
77 174
75 101
42 153
61 166
80 179
51 121
67 102
86 115
130 158
42 45
28 110
47 123
107 174
148 175
19 61
60 62
5 126
104 105
49 169
68 182
21 107
81 121
125 164
144 177
61 179
19 182
5 18
46 56
32 121
137 174
95 177
53 180
72 193
56 185
171 172
28 123
88 174
129 175
41 62
5 139
44 67
90 183
7 185
185 191
143 194
55 81
41 183
13 121
159 175
118 137
178 188
16 126
117 178
29 65
48 78
120 183
92 121
37 185
111 134
129 188
113 180
27 140
25 67
44 80
30 145
2 83
62 134
39 150
166 191
23 142
83 193
36 81
96 132
41 196
8 19
27 32
99 137
11 24
57 140
76 153
48 91
18 148
133 135
92 134
59 186
50 137
22 38
25 80
66 81
30 158
84 135
103 148
122 161
15 35
1 100
78 91
36 94
98 154
10 41
15 156
54 84
31 100
3 38
66 94
11 158
84 148
43 110
1 113
87 153
147 167
40 41
45 156
64 169
140 164
33 38
79 154
10 54
54 97
73 110
12 100
72 114
47 57
88 95
107 108
52 172
93 173
68 116
128 167
21 41
147 180
26 119
100 105
86 170
70 162
58 108
89 175
61 113
32 55
63 159
123 173
21 162
95 111
155 162
158 167
72 127
116 170
9 44
14 122
47 70
88 108
33 172
93 186
65 124
51 189
35 181
169 181
7 119
26 132
153 173
89 188
9 165
83 114
28 178
102 127
47 191
162 178
41 117
5 194
165 183
13 55
32 68
63 172
51 81
44 122
123 186
104 173
16 60
95 124
62 176
34 114
53 127
39 192
6 15
37 119
56 132
97 133
116 183
160 189
13 176
71 117
16 181
90 130
30 79
2 17
48 133
134 173
153 186
92 176
111 189
23 76
9 178
83 127
124 128
28 191
27 195
13 68
104 186
16 73
62 189
136 138
180 181
139 143
4 184
78 133
97 146
50 71
69 84
96 187
55 149
27 87
113 127
71 130
90 143
2 30
29 133
48 146
134 186
1 34
6 149
105 128
143 154
22 93
8 195
108 133
25 135
66 136
85 149
38 74
84 190
59 133
31 34
17 136
52 93
112 144
131 157
43 44
115 149
45 90
64 103
17 28
24 152
98 101
43 165
1 168
59 146
12 34
31 47
91 98
80 168
33 93
52 106
112 157
156 163
73 165
26 53
45 103
86 104
31 168
12 155
3 106
149 160
47 112
107 163
126 176
19 50
79 101
63 93
101 119
1 181
21 96
40 109
141 161
144 166
77 176
42 155
33 106
19 171
156 176
54 165
95 166
114 179
72 182
70 109
130 160
148 177
60 64
46 166
104 107
49 171
21 109
7 174
81 123
125 166
39 126
42 168
116 117
14 69
60 185
32 123
49 63
16 115
95 179
7 66
48 67
34 169
53 182
72 195
69 126
14 190
148 190
41 64
113 169
60 77
132 182
151 195
104 120
49 184
90 185
2 72
62 123
7 187
81 136
122 137
34 61
20 126
125 179
39 139
185 193
37 66
83 182
143 196
96 121
118 139
178 190
11 13
35 141
76 142
29 67
120 185
9 125
129 190
8 129
41 77
27 142
113 182
173 196
71 185
2 85
43 86
29 188
15 24
106 142
18 29
4 131
78 80
23 144
105 183
17 70
36 83
108 188
96 134
55 96
25 190
118 152
159 190
11 26
117 193
29 80
15 145
6 96
133 137
50 139
110 153
3 27
8 142
27 155
66 83
11 147
24 86
84 137
15 37
87 142
59 80
4 144
45 145
105 196
17 83
3 148
77 97
80 102
57 155
184 196
10 43
101 161
75 145
66 96
33 148
52 161
65 100
10 164
87 155
147 169
89 164
22 174
77 110
80 115
140 166
33 40
19 105
98 169
63 148
82 161
101 174
31 115
72 116
116 159
28 46
33 161
52 174
93 175
5 62
46 100
65 113
10 177
49 105
109 156
68 118
169 170
21 43
67 159
26 121
70 164
89 177
102 116
162 167
19 118
60 119
146 159
32 57
63 161
82 174
123 175
40 177
114 126
81 178
34 103
53 116
158 169
9 46
47 72
5 75
90 119
109 169
2 6
20 60
83 116
102 129
41 119
60 132
13 57
32 70
44 124
123 188
164 189
35 75
53 129
56 134
138 173
23 186
97 135
69 73
74 188
27 76
13 178
118 194
16 183
150 183
2 19
29 122
48 135
153 188
39 86
6 138
92 178
23 78
50 181
83 129
127 135
44 137
104 188
16 75
76 89
62 191
117 127
120 132
20 194
180 183
139 145
18 84
4 186
97 148
69 86
8 76
113 129
27 89
11 81
30 94
16 196
112 133
131 146
29 135
134 188
92 191
133 192
45 79
105 130
50 194
22 95
127 148
38 76
43 154
15 92
1 157
59 135
18 97
36 151
163 192
75 79
8 89
52 95
131 159
10 98
115 151
87 89
1 49
73 154
64 105
17 30
3 95
22 108
108 148
66 151
79 90
24 154
43 167
101 108
1 170
142 146
40 98
119 162
17 151
58 152
61 157
80 170
52 108
93 109
10 111
73 167
114 168
67 93
26 55
12 157
31 170
149 162
21 98
40 111
144 168
42 157
80 183
14 58
19 173
5 9
51 125
156 178
49 52
35 117
95 168
7 55
26 68
67 106
53 171
72 184
9 101
42 49
28 114
47 127
129 166
60 66
132 171
151 184
44 58
63 108
104 109
49 173
21 111
7 176
81 125
26 189
141 176
144 181
37 55
42 170
19 186
60 187
159 166
51 138
16 117
95 181
136 182
7 68
48 69
139 187
92 112
56 189
28 127
69 128
129 179
148 192
27 131
44 71
30 136
81 138
122 139
20 128
125 181
166 182
185 195
37 68
4 120
23 133
96 123
41 187
55 85
8 10
44 192
118 141
16 130
57 131
117 182
48 82
6 85
111 138
78 190
4 12
69 141
110 142
8 131
11 136
30 149
43 88
84 126
122 152
15 26
4 133
23 146
17 72
96 136
8 23
99 141
140 142
38 131
57 144
184 185
29 82
73 88
18 152
31 91
50 141
91 142
110 155
22 42
8 144
94 147
11 149
52 150
103 152
15 39
147 158
18 44
121 142
140 155
38 144
79 145
98 158
10 45
101 163
73 101
133 152
31 104
3 42
75 147
94 160
135 161
52 163
10 166
109 145
128 158
147 171
40 45
89 166
42 91
47 169
79 158
51 59
101 176
54 101
95 102
40 166
114 115
12 104
72 118
75 160
88 99
107 112
74 164
93 177
46 102
10 179
51 180
49 107
68 120
109 158
21 45
40 58
70 166
28 169
102 118
47 182
162 169
181 182
19 120
146 161
165 174
32 59
123 177
16 51
21 166
95 115
40 179
155 166
34 105
158 171
39 183
116 174
9 48
28 61
14 126
74 177
93 190
5 77
32 180
49 120
150 172
7 123
67 174
172 190
20 62
39 75
70 179
28 182
41 121
60 134
44 126
16 64
2 129
76 78
35 77
81 193
122 194
120 121
39 196
78 124
23 188
97 137
138 175
9 61
69 75
14 139
160 193
8 65
27 78
32 193
30 83
131 135
150 185
2 21
29 124
153 190
111 193
23 80
105 119
69 196
143 145
108 124
8 186
127 137
11 191
145 191
2 142
62 193
120 134
20 196
180 185
59 124
97 150
36 140
55 153
96 191
182 194
27 91
99 196
30 96
131 148
29 137
175 191
1 38
6 153
4 80
64 94
50 196
124 145
108 137
127 150
38 78
57 91
100 138
119 151
31 38
17 140
36 153
163 194
77 154
33 84
52 97
112 148
115 153
73 156
86 95
89 100
66 153
79 92
98 105
43 169
63 84
101 110
1 172
40 100
12 38
31 51
58 154
75 94
52 110
93 111
19 162
10 113
137 154
51 114
54 156
67 95
72 173
70 100
89 113
130 151
88 154
107 167
19 54
65 170
49 162
68 175
21 100
40 113
26 178
141 165
34 39
144 170
37 44
56 57
42 159
19 175
93 124
46 49
5 11
51 127
49 54
67 108
26 70
9 103
28 116
88 167
129 168
148 181
60 68
46 170
65 183
44 60
123 124
2 63
21 113
7 178
81 127
26 191
141 178
34 52
20 117
125 170
37 57
23 122
56 70
83 173
14 73
74 124
13 114
44 181
159 168
118 130
16 119
35 132
76 133
117 171
136 184
29 58
34 173
53 186
6 74
92 114
50 117
69 130
14 194
41 68
27 133
44 73
90 189
62 127
7 191
103 128
48 192
122 141
20 130
39 143
166 184
18 20
4 122
83 186
96 125
25 181
159 181
16 132
29 71
120 189
37 191
36 195
110 144
22 31
113 186
25 73
11 138
85 87
71 189
43 90
103 141
15 28
87 133
18 33
78 84
64 149
17 74
36 87
108 192
66 195
99 143
38 133
98 147
184 187
10 34
73 90
59 192
152 154
31 93
17 195
110 157
75 136
8 146
66 87
11 151
43 103
128 147
147 160
45 149
17 87
22 165
121 144
38 146
82 152
54 90
40 155
12 93
3 44
75 149
94 162
33 152
52 165
93 166
46 91
5 53
65 104
10 168
49 96
109 147
21 34
147 173
42 93
61 106
121 157
63 152
82 165
123 166
21 155
95 104
114 117
72 120
56 112
9 37
88 101
46 104
5 66
65 117
51 182
49 109
35 174
68 122
169 174
21 47
67 163
89 181
28 171
102 120
162 171
13 48
63 165
104 166
21 168
81 182
34 107
6 8
37 112
116 176
28 63
74 179
27 67
51 195
71 110
30 72
90 123
16 174
2 10
134 166
172 192
39 77
92 169
111 182
23 69
9 171
83 120
28 184
104 179
16 66
57 67
117 118
34 120
120 123
4 177
78 126
97 139
138 177
55 142
96 180
27 80
13 182
11 72
30 85
71 123
57 188
90 136
29 126
48 139
134 179
20 77
92 182
111 195
152 196
23 82
105 121
50 185
127 139
187 190
25 128
11 193
85 142
145 193
2 144
117 131
15 83
4 190
50 77
17 129
36 142
182 196
8 80
52 86
38 188
112 137
175 193
133 196
64 96
105 134
66 142
85 155
126 156
167 194
24 145
84 196
43 158
100 140
12 27
31 40
17 142
163 196
94 96
80 161
52 99
24 37
115 155
45 96
86 97
31 161
12 148
3 99
89 102
47 105
63 86
68 164
1 174
21 89
40 102
77 169
42 148
75 96
61 161
80 174
33 99
137 156
156 169
114 172
86 110
70 102
130 153
88 156
107 169
148 170
19 56
65 172
151 175
63 99
49 164
7 167
81 116
34 41
58 169
144 172
56 59
42 161
61 174
14 62
19 177
13 103
5 13
46 51
137 169
16 108
49 56
35 121
114 185
67 110
53 175
72 188
111 116
56 180
9 105
69 119
60 70
132 175
151 188
44 62
49 177
90 178
123 126
62 116
34 54
20 119
185 186
143 189
14 75
55 76
13 116
99 119
44 183
118 132
35 134
117 173
34 175
120 178
139 191
111 129
97 194
129 183
113 175
27 135
25 62
11 127
44 75
71 178
29 181
103 130
122 143
15 17
20 132
106 135
18 22
4 124
59 60
23 137
83 188
96 127
41 191
25 183
99 132
159 183
118 145
11 19
30 32
117 186
76 148
29 73
15 138
120 191
73 79
6 89
4 16
50 132
3 20
22 33
8 135
94 138
85 89
30 153
112 192
43 92
29 194
103 143
84 130
15 30
87 135
106 148
18 35
105 189
64 151
36 89
77 90
22 154
80 95
57 148
10 36
142 192
101 154
18 156
133 143
91 146
75 138
94 151
66 89
24 92
87 148
1 108
3 154
77 103
22 167
42 82
61 95
121 146
140 159
10 49
63 141
101 167
54 92
40 157
12 95
31 108
72 109
135 165
28 39
88 90
33 154
93 168
46 93
49 98
86 165
70 157
58 103
61 108
19 111
79 162
63 154
123 168
35 55
114 119
155 157
81 171
158 162
88 103
14 117
74 168
47 65
93 181
5 68
49 111
109 162
68 124
35 176
21 49
7 114
67 165
26 127
153 168
172 181
39 66
70 170
23 58
83 109
102 122
47 186
41 112
146 165
5 189
32 63
44 117
16 55
35 68
62 171
53 122
20 174
39 187
6 10
56 127
97 128
9 52
14 130
160 184
27 69
13 171
16 176
90 125
35 189
150 176
2 12
62 63
7 127
153 181
92 171
111 184
83 122
69 187
127 128
60 138
27 190
25 117
13 63
30 195
16 68
2 133
76 82
62 184
103 185
15 72
120 125
20 187
106 190
6 23
4 179
78 128
23 192
18 77
157 192
50 66
96 182
8 69
30 87
16 189
71 125
131 139
134 181
175 182
6 144
92 184
105 123
64 85
124 136
108 128
8 190
127 141
22 88
187 192
25 130
66 131
145 195
38 69
57 82
2 146
15 85
87 190
18 90
4 192
119 142
17 131
96 195
8 82
38 190
112 139
10 91
29 141
175 195
1 42
45 85
105 136
31 150
3 88
22 101
75 193
85 157
38 82
79 83
43 160
1 163
40 91
100 142
31 42
58 145
91 93
77 158
80 163
10 104
73 160
67 86
12 150
130 142
89 104
107 158
19 45
24 160
65 161
26 169
141 156
100 155
12 42
58 158
77 171
61 163
80 176
33 101
74 102
19 166
32 105
51 118
137 158
156 171
35 110
95 161
7 48
67 99
89 117
47 120
88 158
107 171
148 172
49 166
21 104
26 182
34 43
53 56
144 174
37 48
42 163
83 164
102 177
14 64
60 180
51 131
16 110
35 123
95 174
136 175
34 164
139 180
72 190
9 107
69 121
14 185
148 185
41 59
151 190
25 51
44 64
49 179
2 67
48 183
81 131
122 132
34 56
20 121
166 175
102 190
143 191
25 172
44 185
159 172
118 134
16 123
2 188
76 137
117 175
29 62
34 177
120 180
139 193
6 78
37 182
111 131
97 196
69 134
173 191
25 64
11 129
71 180
90 193
43 81
84 119
103 132
48 196
20 134
106 137
18 24
59 62
23 139
124 191
55 91
41 193
127 196
11 21
76 150
29 75
15 140
161 194
73 81
6 91
78 196
17 186
50 134
110 148
8 137
11 142
85 91
84 132
43 94
29 196
15 32
87 137
18 37
45 140
105 191
17 78
77 92
108 196
22 156
80 97
121 135
140 148
79 138
184 191
82 143
15 153
18 158
12 84
31 97
91 148
3 35
75 140
94 153
135 154
33 143
24 94
1 110
128 151
147 164
21 25
45 153
3 156
89 159
61 97
80 110
121 148
19 100
98 164
10 51
82 156
101 169
40 159
116 154
135 167
28 41
47 54
33 156
74 157
5 57
46 95
51 173
49 100
128 164
26 116
86 167
102 111
19 113
5 178
165 167
104 157
35 57
155 159
34 98
14 119
160 173
46 108
5 70
32 173
51 186
49 113
90 114
7 116
134 157
26 129
70 172
23 60
102 124
41 114
146 167
32 65
164 184
16 57
2 122
81 186
122 187
53 124
6 12
37 116
138 168
9 54
55 133
96 171
8 58
32 186
118 189
150 178
62 65
29 117
134 170
6 133
111 186
152 187
23 73
9 175
124 125
69 189
41 127
25 119
38 58
76 84
62 186
15 74
139 140
78 130
138 181
50 68
30 89
38 179
131 141
29 130
15 195
48 143
92 186
6 146
4 73
45 74
64 87
50 189
124 138
105 125
8 192
127 143
25 132
85 146
38 71
24 136
57 84
43 149
15 87
4 194
78 143
45 195
17 133
77 147
33 77
38 192
131 154
10 93
54 136
45 87
89 93
75 195
107 147
19 34
40 93
119 157
12 31
17 146
77 160
33 90
52 103
93 104
137 147
54 149
114 163
67 88
26 50
86 101
72 166
89 106
28 96
19 47
79 98
63 90
49 155
68 168
40 106
81 107
58 160
144 163
42 152
61 165
14 53
74 104
19 168
93 117
32 107
137 160
156 173
35 112
7 50
67 101
26 63
12 165
70 106
56 171
88 160
47 122
60 61
5 125
46 163
65 176
151 179
44 53
49 168
21 106
62 107
7 171
81 120
26 184
141 171
34 45
144 176
37 50
83 166
60 182
13 107
44 174
35 125
76 126
95 176
136 177
48 64
34 166
53 179
92 107
111 120
97 185
9 109
50 110
129 174
148 187
41 61
113 166
27 126
132 179
151 192
104 117
30 131
90 182
71 169
62 120
122 134
20 123
39 136
125 176
185 190
23 128
124 180
55 80
60 195
13 120
99 123
159 174
118 136
16 125
57 126
2 190
117 177
29 64
15 129
34 179
120 182
139 195
92 120
6 80
78 185
50 123
69 136
110 137
27 139
154 180
113 179
173 193
25 66
66 67
11 131
71 182
90 195
131 196
43 83
122 147
15 21
59 64
18 26
17 67
22 145
8 18
25 187
98 140
117 190
101 145
73 83
18 147
59 185
31 86
17 188
110 150
75 129
8 139
94 142
154 193
52 145
43 96
87 139
128 140
188 191
105 193
191 196
3 145
77 94
22 158
38 139
79 140
184 193
101 158
142 196
12 86
31 99
91 150
3 37
75 142
94 155
176 194
135 156
33 145
52 158
65 97
68 102
109 140
21 27
147 166
67 143
86 156
70 148
3 158
89 161
77 107
47 164
80 112
19 102
79 153
51 54
123 159
35 46
21 148
40 161
12 99
53 100
72 113
56 105
135 169
88 94
33 158
74 159
46 97
5 59
49 102
150 154
67 156
26 118
89 174
83 100
102 113
162 164
60 116
146 156
63 158
51 67
21 161
95 110
56 118
157 170
9 43
14 121
74 172
160 175
27 60
46 110
13 162
32 175
51 188
49 115
35 180
2 3
48 119
172 185
20 57
39 70
111 175
23 62
9 164
28 177
102 126
41 116
146 169
60 129
13 54
25 108
16 59
34 113
20 178
39 191
6 14
37 118
78 119
138 170
97 132
157 183
69 70
160 188
99 178
11 65
71 116
35 193
76 194
2 16
48 132
6 135
111 188
152 189
50 178
124 127
108 119
8 181
41 129
85 135
38 60
57 73
117 124
15 76
78 132
138 183
17 122
36 135
99 191
140 192
112 130
131 143
115 135
175 186
1 33
6 148
105 127
50 191
91 192
22 92
108 132
66 135
85 148
167 187
38 73
24 138
84 189
43 151
170 192
4 196
77 149
121 192
33 79
52 92
38 194
115 148
1 46
54 138
73 151
45 89
86 90
3 92
79 87
98 100
65 152
82 92
68 157
1 167
101 105
40 95
12 33
58 149
42 141
33 92
74 93
19 157
10 108
54 151
95 152
114 165
7 39
70 95
130 146
89 108
149 159
28 98
88 149
107 162
5 114
65 165
68 170
21 95
40 108
7 160
81 109
125 152
144 165
42 154
93 119
5 6
51 122
95 165
67 103
53 168
72 181
70 108
37 160
56 173
9 98
88 162
5 127
132 168
46 165
151 181
44 55
104 106
90 171
2 58
62 109
7 173
34 47
20 112
39 125
37 52
83 168
102 181
55 69
60 184
44 176
118 125
159 163
35 127
117 166
136 179
29 53
48 66
34 168
120 171
37 173
9 111
50 112
69 125
55 190
44 68
71 171
2 71
62 122
122 136
106 128
6 190
166 179
23 130
124 182
143 195
36 69
55 82
96 120
127 187
99 125
44 189
85 190
11 12
57 128
76 141
136 192
29 66
15 131
92 122
6 82
4 9
91 126
3 13
22 26
8 128
173 195
11 133
112 185
43 85
29 187
84 123
115 190
106 141
59 66
4 130
45 131
22 147
38 128
57 141
10 29
15 144
101 147
73 85
59 187
154 195
54 193
128 142
45 144
86 145
17 82
58 83
22 160
184 195
101 160
40 150
12 88
72 102
116 145
176 196
135 158
52 160
93 161
46 86
10 163
49 91
109 142
128 155
40 42
67 145
70 150
58 96
89 163
47 166
5 169
79 155
63 147
51 56
35 48
95 99
53 102
56 107
116 158
135 171
28 45
14 110
47 58
74 161
5 61
32 164
65 112
51 177
68 117
26 120
67 158
172 174
9 153
42 101
28 166
41 105
60 118
13 43
32 56
104 161
123 174
35 61
21 163
62 164
81 177
34 102
53 115
39 180
37 107
157 172
74 174
160 177
27 62
51 190
71 105
16 169
35 182
2 5
7 120
134 161
153 174
20 59
6 124
23 64
9 166
83 115
27 183
44 123
30 188
164 188
57 62
20 180
39 193
18 70
37 120
78 121
97 134
157 185
69 72
36 124
55 137
8 62
13 177
99 180
71 118
30 80
90 131
76 196
2 18
29 121
48 134
134 174
6 137
4 64
45 65
105 116
110 194
8 183
127 134
27 196
66 124
11 188
186 189
57 75
84 178
43 140
103 191
15 78
1 143
120 131
106 196
59 121
18 83
36 137
163 178
11 80
52 81
57 196
131 145
29 134
115 137
73 140
133 191
3 81
108 134
66 137
167 189
38 75
1 156
40 84
59 134
100 135
31 35
17 137
77 151
75 78
80 156
121 194
93 95
112 145
73 153
155 192
26 41
12 143
86 92
88 138
126 164
79 89
65 154
68 159
21 84
26 162
12 35
61 156
32 98
51 111
137 151
114 167
7 41
67 92
12 156
53 157
86 105
56 162
28 100
47 113
19 51
46 154
5 116
65 167
49 159
68 172
21 97
62 98
34 36
37 41
83 157
14 57
19 172
60 173
32 111
51 124
95 167
136 168
7 54
53 170
72 183
92 98
56 175
9 100
28 113
14 178
148 178
151 183
25 44
104 108
2 60
62 111
48 176
81 124
34 49
125 167
23 119
96 109
41 173
25 165
13 111
44 178
16 116
2 181
117 168
76 130
136 181
29 55
111 124
97 189
50 114
69 127
129 178
55 192
41 65
8 117
113 170
132 183
11 122
71 173
2 73
43 74
29 176
84 112
103 125
87 117
6 192
124 184
108 176
127 189
99 127
44 191
159 178
85 192
38 117
57 130
43 195
117 181
120 186
161 187
6 84
78 189
91 128
110 141
22 28
11 135
112 187
43 87
29 189
115 192
103 138
15 25
87 130
1 90
106 143
73 195
17 71
3 136
77 85
22 149
140 141
38 130
79 131
24 195
98 144
15 146
101 149
142 187
73 87
133 138
31 90
91 141
3 28
66 84
52 149
10 152
109 131
54 195
128 144
147 157
86 147
3 149
89 152
77 98
130 190
61 90
80 103
121 141
19 93
98 157
82 149
101 162
54 87
12 90
31 103
116 147
33 149
52 162
46 88
65 101
51 166
109 144
68 106
128 157
21 31
7 96
40 44
26 109
86 160
39 48
58 98
70 152
89 165
47 168
19 106
146 147
60 107
32 45
63 149
104 150
51 58
123 163
21 152
95 101
40 165
34 91
53 104
56 109
116 160
157 161
14 112
74 163
51 179
90 107
35 171
26 122
70 165
23 53
9 155
83 104
28 168
47 181
5 184
32 58
104 163
123 176
164 177
81 179
34 104
20 169
37 109
56 122
138 161
157 174
9 47
160 179
27 64
118 182
11 56
71 107
30 69
35 184
150 171
48 123
153 176
20 61
92 166
4 53
9 168
64 67
27 185
25 112
44 125
30 190
38 51
164 190
57 64
2 128
76 77
103 180
122 193
20 182
106 185
39 195
138 174
97 136
36 126
55 139
96 177
8 64
16 184
131 134
48 136
15 188
6 139
18 193
45 67
105 118
124 131
3 70
108 123
22 83
127 136
25 125
57 77
24 129
43 142
189 196
4 187
119 137
17 126
36 139
77 140
182 193
52 83
38 185
112 134
131 147
133 193
91 196
3 83
66 139
107 140
43 155
170 196
84 193
63 70
40 86
100 137
12 24
31 37
17 139
58 140
61 145
80 158
19 148
52 96
10 99
155 194
114 156
12 145
31 158
70 86
130 137
88 140
107 153
126 166
46 143
65 156
49 148
21 86
40 99
26 164
100 150
141 151
12 37
58 153
14 46
51 113
137 153
156 166
7 43
67 94
12 158
53 159
26 56
130 150
9 89
14 167
47 115
5 118
151 172
49 161
7 164
26 177
141 164
34 38
125 156
39 116
144 169
42 158
83 159
14 59
74 110
60 175
13 100
32 113
16 105
48 57
139 175
92 100
97 178
9 102
50 103
129 167
41 54
60 67
25 46
151 185
44 59
30 124
104 110
2 62
7 177
103 114
20 116
125 169
39 129
37 56
83 172
143 186
127 178
13 113
25 167
44 180
159 167
118 129
178 180
16 118
57 119
2 183
76 132
117 170
48 70
34 172
78 178
50 116
69 129
36 181
55 194
113 172
154 173
71 175
90 188
2 75
43 76
103 127
48 191
122 140
1 79
87 119
6 194
124 186
17 60
55 86
108 178
66 181
38 119
117 183
29 70
18 140
78 191
119 192
31 79
17 181
36 194
94 135
66 73
11 137
52 138
24 76
29 191
128 133
45 135
17 73
58 74
3 138
77 87
108 191
149 192
61 79
121 130
66 194
38 132
184 186
82 138
142 189
54 76
73 89
59 191
91 143
3 30
94 148
176 187
135 149
52 151
179 192
24 89
128 146
26 98
45 148
86 149
58 87
3 151
130 192
89 154
42 79
61 92
88 195
121 143
47 157
101 164
35 39
21 141
54 89
53 93
72 106
56 98
116 149
9 23
47 49
33 151
93 165
5 52
7 98
39 50
89 167
47 170
19 108
146 149
5 173
60 109
13 34
32 47
51 60
104 152
123 165
35 52
40 167
53 106
39 171
37 98
56 111
116 162
157 163
14 114
13 155
32 168
49 108
16 160
150 160
169 173
7 111
48 112
20 50
39 63
70 167
4 42
9 157
83 106
69 171
25 101
123 178
164 179
2 117
122 182
20 171
37 111
55 128
96 166
8 53
27 66
13 168
99 171
32 181
71 109
76 187
29 112
48 125
92 168
23 68
50 171
69 184
8 174
11 179
30 192
164 192
57 66
43 131
62 181
103 182
15 69
106 187
18 74
6 20
138 176
50 63
36 128
96 179
8 66
38 174
71 122
115 128
15 190
1 26
73 131
18 195
152 195
105 120
50 184
64 82
108 125
8 187
127 138
66 128
24 131
1 147
18 87
100 126
45 190
12 13
17 128
36 141
182 195
80 147
38 187
10 88
73 144
133 195
174 196
3 85
22 98
79 80
24 144
65 145
1 160
40 88
100 139
12 26
31 39
58 142
163 195
77 155
42 134
80 160
74 86
93 99
10 101
63 193
137 142
51 102
114 158
7 32
12 147
31 160
72 161
70 88
130 139
149 152
28 91
148 156
151 161
49 150
21 88
7 153
26 166
125 145
58 155
144 158
14 48
74 99
19 163
60 164
32 102
137 155
95 158
114 171
34 148
67 96
53 161
70 101
47 117
148 169
5 120
132 161
7 166
81 115
26 179
141 166
39 118
144 171
56 58
83 161
102 174
14 61
55 62
96 100
44 169
32 115
16 107
76 121
117 159
29 46
48 59
120 164
53 174
6 62
56 179
9 104
50 105
41 56
113 161
44 61
30 126
71 164
29 167
62 115
48 180
122 129
20 118
39 131
23 123
36 62
55 75
41 177
127 180
99 118
44 182
159 169
2 185
117 172
136 185
15 124
139 190
6 75
18 129
97 193
50 118
110 132
27 134
154 175
30 139
112 178
71 177
131 191
43 78
84 116
115 183
29 180
87 121
106 134
4 123
45 124
64 137
105 175
124 188
17 62
22 140
127 193
80 81
66 183
85 196
57 134
98 135
10 22
15 137
101 140
54 65
59 180
119 194
3 19
22 32
75 124
94 137
154 188
66 75
11 139
24 78
84 129
43 91
115 196
10 143
87 134
45 137
64 150
17 75
77 89
22 153
80 94
79 135
184 188
82 140
101 153
142 191
54 78
40 143
100 194
31 94
17 196
94 150
135 151
5 41
49 84
128 148
67 138
58 89
89 156
42 81
61 94
19 97
32 36
63 140
82 153
35 41
21 143
12 94
53 95
72 108
56 100
9 25
14 103
88 89
47 51
33 153
5 54
65 105
109 148
21 35
7 100
153 154
86 164
20 39
70 156
89 169
9 146
83 95
41 98
63 153
104 154
16 41
21 156
62 157
81 170
34 95
53 108
37 100
157 165
74 167
160 170
13 157
32 170
51 183
30 60
150 162
153 167
6 117
111 170
4 44
9 159
28 172
60 124
13 49
25 103
104 167
30 181
81 183
39 186
6 9
4 165
78 114
157 178
50 52
36 117
55 130
27 68
99 173
118 186
11 60
30 73
16 175
76 189
29 114
48 127
111 183
4 57
105 109
69 186
110 187
22 74
25 116
66 117
11 181
30 194
145 181
43 133
103 184
20 186
106 189
18 76
4 178
78 127
119 128
59 114
55 143
8 68
99 186
52 74
38 176
112 125
131 138
29 127
15 192
175 181
105 122
50 186
108 127
8 189
94 192
52 195
167 182
186 195
38 68
24 133
43 146
170 187
1 149
87 189
59 127
45 192
119 141
58 131
80 149
10 90
115 143
73 146
114 147
26 34
12 136
3 87
89 90
33 195
107 144
167 195
126 157
19 31
79 82
63 74
82 87
109 190
68 152
40 90
100 141
12 28
58 144
61 149
80 162
33 87
74 88
93 101
63 195
137 144
10 103
95 147
114 160
7 34
67 85
86 98
89 103
28 93
107 157
148 158
19 44
46 147
151 163
63 87
68 165
21 90
7 155
81 104
26 168
40 103
39 107
74 101
19 165
93 114
60 166
13 91
16 96
35 109
139 166
9 93
28 106
14 171
129 158
148 171
41 45
5 122
25 37
49 165
62 104
81 117
34 42
20 107
39 120
125 160
23 112
41 166
13 104
99 107
25 158
118 120
16 109
2 174
136 174
48 61
34 163
120 166
139 179
6 64
37 168
78 169
111 117
97 182
50 107
69 120
14 184
41 58
8 110
27 123
113 163
25 50
11 115
71 166
30 128
2 66
103 118
48 182
185 187
23 125
17 51
55 77
108 169
25 171
44 184
118 133
85 185
29 61
161 180
18 131
6 77
50 120
91 121
3 8
8 123
27 136
154 177
11 128
112 180
29 182
103 131
115 185
106 136
18 23
45 126
105 177
36 77
3 129
22 142
108 182
127 195
80 83
66 185
24 188
57 136
101 142
161 193
54 67
73 80
91 134
94 139
154 190
33 129
112 193
10 145
68 86
1 96
128 137
54 188
147 150
87 136
191 193
89 145
22 155
77 91
80 96
19 86
79 137
98 150
184 190
10 37
82 142
142 193
101 155
54 80
40 145
72 97
116 140
135 153
179 196
93 156
5 43
51 159
68 99
128 150
21 24
67 140
86 153
70 145
130 196
89 158
60 100
5 164
21 145
53 97
72 110
37 89
56 102
9 27
93 169
5 56
32 159
51 172
49 99
90 100
7 102
67 153
26 115
153 156
70 158
111 159
23 46
102 110
41 100
146 153
165 166
13 38
44 105
32 51
104 156
2 108
21 158
20 162
53 110
37 102
23 167
97 116
9 40
55 119
13 159
118 175
71 100
35 177
29 103
134 156
153 169
39 67
6 119
111 172
92 159
4 46
23 59
9 161
83 110
41 113
27 178
30 183
104 169
164 183
62 172
122 186
20 175
106 178
39 188
18 65
78 116
23 180
138 167
97 129
50 54
55 132
96 170
27 70
13 172
99 175
118 188
29 116
1 17
18 186
133 173
6 132
152 186
45 60
105 111
50 175
69 188
110 189
85 132
30 196
103 186
15 73
87 178
59 116
4 180
45 181
36 132
163 173
96 183
182 186
99 188
52 76
131 140
15 194
175 183
54 122
133 186
31 138
91 189
3 76
75 181
94 194
11 196
107 133
19 20
24 135
43 148
170 189
87 191
128 192
119 143
17 132
61 138
121 189
33 76
38 191
79 192
54 135
12 138
31 151
158 192
89 92
75 194
88 133
126 159
19 33
79 84
5 98
63 76
82 89
68 154
109 192
21 79
40 92
67 195
61 151
102 152
14 39
33 89
74 90
32 93
51 106
114 162
26 49
12 151
70 92
88 146
5 111
46 149
65 162
49 154
68 167
21 92
62 93
81 106
26 170
144 162
102 165
14 52
74 103
13 93
95 162
34 152
53 165
6 53
56 170
9 95
28 108
69 109
14 173
148 173
41 47
27 112
151 178
39 122
4 101
37 49
83 165
143 179
55 66
127 171
13 106
99 109
44 173
159 160
57 112
2 176
136 176
34 165
139 181
37 170
111 119
78 171
97 184
50 109
69 122
113 165
173 179
71 168
90 181
29 171
122 133
87 112
20 122
23 127
105 166
124 179
17 53
36 66
22 131
108 171
96 117
99 122
57 125
29 63
15 128
120 181
161 182
59 171
18 133
78 184
50 122
91 123
36 187
3 10
22 23
11 130
43 82
73 190
106 138
59 63
45 128
58 67
77 80
149 185
15 141
101 144
142 182
161 195
54 69
18 146
59 184
100 185
12 72
91 136
3 23
75 128
94 141
176 180
52 144
179 185
112 195
65 83
10 147
68 88
188 190
45 141
12 193
58 80
3 144
77 93
89 147
61 85
80 98
47 150
19 88
79 139
98 152
142 195
21 134
53 86
72 99
42 193
116 142
135 155
176 193
28 29
5 45
65 96
10 160
51 161
49 88
109 139
68 101
128 152
21 26
7 91
67 142
39 43
42 85
28 150
47 163
5 166
13 27
51 53
123 158
16 32
35 45
95 96
40 160
53 99
72 112
116 155
14 107
93 171
13 148
46 96
32 161
51 174
49 101
35 166
150 153
7 104
48 105
153 158
111 161
23 48
9 150
102 112
41 102
25 94
104 158
16 45
2 110
35 58
81 174
122 175
78 105
23 169
97 118
157 169
14 120
96 159
8 46
99 164
30 64
16 166
90 115
29 105
153 171
6 121
111 174
152 175
4 48
50 164
69 177
8 167
27 180
11 172
44 120
145 172
62 174
15 62
106 180
18 67
78 118
138 169
97 131
55 134
96 172
27 72
11 64
71 115
30 77
76 193
73 124
18 188
92 174
6 134
45 62
105 113
50 177
124 126
110 191
3 65
108 118
8 180
66 121
126 135
38 59
57 72
24 124
84 175
87 180
106 193
147 194
77 135
182 188
121 178
80 140
112 129
57 193
10 81
175 185
54 124
45 75
31 140
75 183
94 196
24 137
63 65
128 194
100 132
45 196
119 145
58 135
163 188
61 140
80 153
121 191
33 78
52 91
19 143
63 186
54 137
95 138
155 189
114 151
67 76
72 154
75 196
28 84
88 135
47 97
19 35
5 100
63 78
109 194
21 81
40 94
26 159
141 146
42 140
102 154
14 41
74 92
93 105
32 95
7 38
26 51
67 89
34 141
53 154
72 167
56 159
28 97
47 110
129 149
46 151
132 154
5 113
151 167
68 169
62 95
7 159
81 108
26 172
144 164
37 38
23 103
83 154
14 54
41 157
74 105
60 170
32 108
76 114
29 39
34 154
120 157
6 55
56 172
14 175
41 49
113 154
2 57
7 172
106 114
39 124
6 176
143 181
36 55
55 68
60 183
25 162
2 178
76 127
136 178
29 52
15 117
48 65
120 170
139 183
6 68
78 173
69 124
36 176
8 114
27 127
154 168
30 132
71 170
131 184
24 58
43 71
29 173
103 122
48 186
84 109
1 74
106 127
6 189
166 178
4 116
45 117
64 130
36 68
108 173
96 119
25 175
99 124
66 176
98 128
142 171
161 184
59 173
78 186
36 189
110 138
3 12
22 25
8 127
75 117
11 132
73 192
105 181
17 68
58 69
108 186
38 127
79 128
10 28
82 133
73 84
91 138
94 143
61 195
176 182
135 144
33 133
52 146
93 147
46 72
65 85
10 149
68 90
54 192
188 192
147 154
86 144
58 82
70 136
3 146
130 187
42 74
88 190
47 152
121 138
19 90
5 155
79 141
63 133
82 146
123 147
40 149
53 88
116 144
135 157
176 195
9 18
74 147
5 47
46 85
51 163
109 141
68 103
35 155
21 28
67 144
86 157
70 149
9 139
83 88
28 152
47 165
41 91
5 168
13 29
63 146
51 55
16 34
35 47
21 149
81 163
34 88
39 166
37 93
56 106
157 158
9 31
14 109
74 160
32 163
118 166
71 91
30 53
90 104
35 168
150 155
7 106
134 147
48 107
172 173
20 45
92 150
111 163
9 152
83 101
28 165
69 166
146 157
27 169
25 96
44 109
104 160
164 174
2 112
20 166
37 106
78 107
23 171
138 158
8 48
27 61
13 163
11 53
30 66
71 104
90 117
76 182
48 120
20 58
6 123
92 163
111 176
152 177
4 50
23 63
50 166
69 179
8 169
27 182
85 123
30 187
164 187
57 61
2 125
43 126
103 177
87 169
106 182
18 69
4 171
78 120
119 121
138 171
17 110
36 123
96 174
11 66
38 169
112 118
76 195
115 123
1 21
6 136
45 64
64 77
105 115
91 180
108 120
8 182
22 80
85 136
52 188
186 188
38 61
24 126
84 177
170 180
103 190
189 193
15 77
87 182
18 82
100 121
45 185
119 134
17 123
3 188
80 142
33 67
52 80
38 182
79 183
98 196
82 188
54 126
133 190
26 27
45 77
91 193
177 196
107 137
126 150
19 24
170 193
63 67
109 183
1 155
100 134
58 137
77 150
42 129
75 77
80 155
33 80
74 81
79 196
63 188
10 96
7 27
67 78
12 142
86 91
31 155
130 134
88 137
148 151
19 37
46 140
5 102
65 153
192 194
21 83
26 161
125 140
144 153
14 43
74 94
60 159
32 97
51 110
137 150
16 89
7 40
72 169
37 148
70 96
56 161
9 86
28 99
129 151
148 164
113 143
5 115
25 30
151 169
49 158
90 159
2 46
81 110
34 35
39 113
125 153
102 169
143 170
14 56
55 57
60 172
13 97
99 100
44 164
16 102
35 115
76 116
136 167
29 41
53 169
6 57
37 161
56 174
97 175
50 100
8 103
132 169
11 108
44 56
43 60
122 124
106 116
6 178
4 105
105 157
124 170
17 44
41 172
127 175
25 164
99 113
44 177
118 126
38 103
76 129
29 54
120 172
59 162
6 70
92 110
91 114
36 178
94 119
27 129
11 121
30 134
131 186
24 60
43 73
84 111
115 178
48 188
87 116
17 57
85 191
10 17
101 135
161 186
59 175
31 76
36 191
77 192
75 119
22 27
154 183
66 70
33 122
52 135
24 73
84 124
10 138
87 129
54 181
45 132
89 138
149 189
42 63
61 76
66 191
19 79
24 194
10 30
63 122
142 186
54 73
40 138
100 189
12 76
31 89
72 90
58 192
116 133
176 184
135 146
33 135
52 148
179 189
93 149
5 36
65 87
10 151
51 152
68 92
54 194
86 146
130 189
42 76
61 89
88 192
47 154
46 195
5 157
21 138
40 151
81 152
72 103
37 82
56 95
116 146
9 20
93 162
5 49
51 165
90 93
21 30
26 108
67 146
20 34
39 47
83 90
28 154
102 103
60 106
5 170
13 31
123 162
16 36
35 49
53 103
20 155
97 109
138 147
157 160
27 50
32 165
118 168
30 55
16 157
35 170
150 157
134 149
20 47
92 152
6 112
39 60
23 52
69 168
27 171
13 44
25 98
145 163
164 176
16 49
2 114
103 166
122 179
18 58
97 122
96 163
55 125
27 63
118 181
71 106
76 184
48 122
134 162
15 174
133 166
45 53
64 66
22 69
108 109
8 171
27 184
11 176
30 189
145 176
122 192
87 171
106 184
18 71
59 109
78 122
119 123
17 112
96 176
8 63
99 181
140 182
11 68
52 69
112 120
98 185
10 72
115 125
15 187
175 176
133 179
45 66
105 117
64 79
91 182
110 195
108 122
22 82
94 187
66 125
11 189
52 190
167 177
126 139
43 141
170 182
189 195
119 136
58 126
77 139
182 192
61 131
33 69
52 82
38 184
79 185
82 190
54 128
26 29
31 144
70 72
47 88
33 190
107 139
88 126
167 190
19 26
5 91
24 141
170 195
40 85
67 188
100 136
12 23
58 139
70 193
77 152
61 144
162 196
33 82
93 96
32 86
63 190
137 139
51 99
114 155
155 193
7 29
26 42
70 85
56 150
9 75
88 139
47 101
5 104
46 142
151 158
81 99
141 150
39 102
144 155
42 144
83 145
9 196
13 86
34 145
53 158
139 161
37 150
56 163
9 88
69 102
14 166
27 105
46 155
132 158
25 32
30 110
49 160
90 161
2 48
62 99
7 163
48 164
20 102
39 115
4 94
37 42
83 158
143 172
36 46
96 97
41 161
60 174
25 153
44 166
76 118
117 156
92 99
97 177
69 115
14 179
55 180
113 158
30 123
71 161
90 174
131 175
2 61
43 62
48 177
122 126
87 105
20 115
106 118
166 169
64 121
17 46
36 59
55 72
96 110
22 124
25 166
99 115
85 180
38 105
57 118
2 182
15 121
18 126
59 164
78 177
97 190
110 129
55 193
8 118
173 185
84 113
115 180
103 126
87 118
1 78
6 193
45 121
105 172
124 185
3 124
108 177
22 137
127 190
168 191
66 180
24 183
43 196
10 19
161 188
18 139
59 177
17 180
77 194
3 16
52 137
112 188
65 76
10 140
115 193
156 194
1 91
128 132
45 134
58 73
89 140
77 86
149 191
42 65
61 78
121 129
80 91
107 194
66 193
19 81
79 132
24 196
98 145
82 137
142 188
101 150
21 127
40 140
12 78
42 186
116 135
75 134
176 186
74 138
179 191
5 38
49 81
68 94
109 132
26 97
67 135
70 140
42 78
60 95
5 159
13 20
63 137
104 138
21 140
40 153
39 157
72 105
37 84
9 22
28 35
93 164
46 89
90 95
35 159
7 97
67 148
26 110
20 36
39 49
9 143
69 157
146 148
13 33
32 46
104 151
123 164
164 165
16 38
122 168
34 92
97 111
9 35
55 114
96 152
8 39
13 154
118 170
150 159
29 98
134 151
48 111
20 49
6 114
23 54
44 113
85 114
30 178
145 165
38 39
164 178
103 168
20 170
106 173
59 98
18 60
4 162
97 124
11 57
76 186
48 124
15 176
18 181
105 106
91 171
3 58
8 173
27 186
11 178
85 127
30 191
38 52
24 117
57 65
43 130
84 168
103 181
1 133
147 187
4 175
45 176
119 125
64 189
163 168
80 133
140 184
33 58
52 71
57 186
115 127
54 117
1 25
18 194
133 181
174 182
193 195
45 68
91 184
52 192
126 141
186 192
84 181
87 186
128 187
40 74
45 189
86 190
119 138
58 128
3 192
163 181
52 84
10 87
51 88
82 192
63 179
40 195
73 143
155 182
174 195
7 18
67 69
12 133
114 144
31 146
70 74
75 189
116 190
28 77
47 90
33 192
88 128
167 192
19 28
46 131
65 144
63 71
109 187
81 88
61 146
146 190
63 192
51 101
35 93
21 195
155 195
114 157
53 147
28 90
88 141
47 103
46 144
65 157
151 160
68 162
7 152
81 101
125 144
144 157
42 146
83 147
74 98
60 163
