193 9830
35 106
95 157
136 158
53 160
139 163
37 152
56 165
129 155
41 42
27 107
132 160
25 34
151 173
44 47
71 150
30 112
90 163
62 101
7 165
48 166
106 107
4 96
23 109
143 174
96 99
41 163
127 166
60 176
13 101
99 104
44 168
25 155
117 158
76 120
136 171
34 160
120 163
6 61
37 165
92 101
18 115
36 169
55 182
113 160
154 161
173 174
131 177
43 64
103 115
48 179
122 128
87 107
106 120
105 161
124 174
36 61
108 166
99 117
38 107
57 120
98 121
1 188
120 176
161 177
17 169
110 131
8 120
173 187
11 125
52 126
112 177
131 190
24 64
84 115
43 77
29 179
73 185
31 188
64 136
105 174
17 61
58 62
3 126
149 180
66 182
38 120
98 134
10 21
161 190
100 180
119 193
17 182
33 126
93 140
179 180
112 190
5 27
65 78
10 142
26 86
67 124
86 137
58 75
3 139
89 142
61 80
121 131
88 183
47 145
63 126
142 190
183 191
21 129
100 193
53 81
72 94
56 86
135 150
9 11
74 140
179 193
93 153
46 78
51 156
68 96
109 134
7 86
26 99
86 150
42 80
28 145
19 96
32 35
63 139
104 140
16 27
21 142
81 156
34 81
37 86
56 99
9 24
28 37
14 102
74 153
27 41
13 143
118 159
51 169
30 46
16 148
35 161
48 100
134 140
20 38
92 143
111 156
4 30
23 43
83 94
28 158
146 150
5 174
81 169
122 170
20 159
37 99
97 113
138 151
157 164
99 159
76 175
134 153
20 51
92 156
111 169
4 43
50 159
110 173
22 60
41 110
27 175
25 102
44 115
85 116
30 180
11 167
145 167
164 180
38 41
2 118
43 119
84 157
103 170
122 183
15 57
87 162
106 175
59 100
4 164
97 126
64 178
50 51
55 129
140 173
38 162
57 175
15 178
1 14
73 119
18 183
6 129
152 183
45 57
64 70
50 172
22 73
8 175
94 178
66 116
11 180
85 129
30 193
24 119
84 170
170 173
103 183
15 70
1 135
87 175
106 188
59 113
100 114
119 127
64 191
17 116
77 130
182 183
121 173
80 135
140 186
52 73
38 175
112 124
79 176
10 76
73 132
133 183
174 184
12 122
91 186
177 189
47 79
33 181
24 132
65 133
109 176
21 63
40 76
100 127
45 191
165 192
95 133
155 184
7 20
26 33
67 71
31 148
70 76
116 192
28 79
107 143
5 95
65 146
21 76
40 89
7 141
81 90
125 133
58 143
42 135
61 148
102 149
14 36
74 87
19 151
146 192
93 100
32 90
137 143
51 103
95 146
114 159
7 33
37 141
70 89
28 92
88 143
129 144
14 157
148 157
49 151
90 152
2 39
7 154
81 103
26 167
20 93
125 146
144 159
102 162
143 163
14 49
44 157
16 95
2 160
76 109
34 149
120 152
53 162
139 165
6 50
56 167
97 168
9 92
50 93
69 106
55 171
41 44
113 149
44 49
30 114
71 152
106 109
23 111
64 112
83 162
124 163
143 176
36 50
55 63
96 101
127 168
99 106
85 171
38 96
57 109
136 173
139 178
59 155
6 63
78 168
91 107
110 120
55 184
94 112
27 122
11 114
30 127
71 165
1 69
106 122
6 184
4 111
45 112
17 50
3 115
108 168
22 128
127 181
168 182
25 170
85 184
38 109
24 174
57 122
43 187
101 128
1 190
18 130
31 69
17 171
91 120
110 133
94 125
33 115
52 128
131 192
24 66
84 117
115 184
1 82
87 122
73 187
105 176
58 64
3 128
108 181
22 141
61 69
66 184
107 185
79 123
24 187
98 136
63 115
10 23
82 128
54 66
40 131
12 69
31 82
17 184
72 83
58 185
75 125
61 190
176 177
135 139
33 128
19 193
52 141
46 67
65 80
137 185
49 72
109 123
128 136
26 88
12 190
191 192
70 131
58 77
130 182
42 69
88 185
47 147
49 193
82 141
21 131
40 144
12 82
53 83
42 190
9 13
14 91
74 142
93 155
5 42
32 145
65 93
68 98
67 139
20 27
70 144
23 32
28 147
47 160
41 86
60 99
5 163
13 24
44 91
35 42
21 144
81 158
53 96
39 161
37 88
56 101
97 102
74 155
27 43
13 145
16 150
90 99
35 163
153 155
20 40
6 105
39 53
83 96
50 148
69 161
60 112
27 164
13 37
25 91
30 169
145 156
104 155
2 107
103 159
20 161
39 174
18 51
78 102
23 166
157 166
36 105
55 118
160 171
8 43
13 158
99 161
118 174
11 48
30 61
16 163
57 164
71 99
76 177
29 102
134 155
1 3
6 118
133 159
152 172
50 161
22 62
8 164
27 177
25 104
30 182
145 169
38 43
2 120
43 121
84 159
103 172
1 124
87 164
106 177
18 64
4 166
17 105
96 169
55 131
22 183
8 56
99 174
11 61
52 62
38 164
115 118
1 16
18 185
45 59
64 72
91 175
3 62
108 115
94 180
66 118
85 131
38 56
43 134
84 172
170 175
87 177
128 178
1 137
147 191
119 129
64 193
17 118
3 183
182 185
61 124
121 175
15 193
54 121
12 124
31 137
158 178
91 188
3 75
94 193
88 119
33 183
107 132
167 183
65 135
170 188
109 178
21 65
12 16
58 132
77 145
74 76
19 140
32 79
51 92
35 84
54 134
21 186
155 186
7 22
26 35
53 138
89 91
56 143
88 132
47 94
107 145
5 97
49 140
68 153
109 191
150 192
7 143
81 92
26 156
125 135
144 148
14 38
74 89
60 154
32 92
51 105
137 145
95 148
7 35
34 138
53 151
180 192
72 164
56 156
28 94
69 95
129 146
113 138
46 148
132 151
49 153
2 41
62 92
125 148
4 87
23 100
83 151
14 51
41 154
25 146
117 149
29 36
34 151
6 52
97 170
50 95
69 108
129 159
27 111
132 164
25 38
44 51
131 168
43 55
29 157
103 106
20 108
6 173
4 100
23 113
64 114
105 152
124 165
36 52
96 103
108 157
25 159
99 108
44 172
38 98
57 111
117 162
43 176
29 49
15 114
59 157
6 65
78 170
18 119
50 108
91 109
94 114
112 168
131 181
24 55
29 170
115 173
1 71
73 176
106 124
6 186
45 114
64 127
3 117
36 65
168 184
85 186
38 111
79 112
24 176
43 189
10 12
82 117
1 192
18 132
31 71
17 173
91 122
77 187
75 114
94 127
33 117
112 181
24 68
65 69
115 186
68 74
73 189
12 179
86 128
31 192
3 130
77 79
89 133
149 184
42 58
61 71
80 84
66 186
107 187
98 138
63 117
10 25
82 130
142 181
12 71
72 85
75 127
176 179
135 141
33 130
74 131
93 144
179 184
10 146
137 187
109 125
54 189
95 190
7 77
67 128
12 192
26 90
58 79
130 184
89 146
88 187
5 152
63 130
104 131
16 18
21 133
40 146
81 147
125 190
37 77
42 192
116 141
9 15
14 93
74 144
93 157
32 147
51 160
49 87
35 152
34 193
111 147
9 136
47 162
41 88
13 26
44 93
123 157
35 44
34 85
53 98
56 103
97 104
138 142
9 28
14 106
55 107
27 45
118 163
30 50
90 101
76 166
29 91
153 157
92 147
111 160
4 34
23 47
50 150
69 163
85 107
30 171
145 158
2 109
122 174
15 48
20 163
59 91
18 53
78 104
4 155
55 120
96 158
16 165
57 166
76 179
29 104
15 169
1 5
92 160
45 48
50 163
69 176
3 51
66 107
11 171
145 171
24 110
84 161
43 123
103 174
1 126
87 166
17 107
36 120
77 121
22 185
121 164
140 177
38 166
112 115
57 179
98 180
10 67
115 120
15 182
101 185
54 110
1 18
73 123
18 187
133 174
174 175
31 126
3 64
22 77
108 117
94 182
8 179
107 121
11 184
52 185
84 174
170 177
43 136
189 190
10 188
128 180
147 193
40 67
100 118
119 131
17 120
58 121
163 174
19 129
54 123
158 180
177 193
75 182
88 121
33 185
107 134
126 147
19 21
46 124
5 86
170 190
63 64
49 129
40 80
26 145
70 188
61 139
102 140
162 191
74 78
19 142
79 193
63 185
51 94
21 188
95 137
114 150
26 37
12 139
72 153
158 193
88 134
47 96
132 140
151 153
21 80
62 81
7 145
81 94
39 97
125 137
42 139
14 40
74 91
13 81
44 148
16 86
95 150
136 151
7 37
34 140
6 41
37 145
69 97
148 161
113 140
27 100
132 153
151 166
71 143
30 105
90 156
48 159
6 162
125 150
39 110
23 102
83 153
143 167
41 156
127 159
25 148
13 94
44 161
57 100
2 164
136 164
29 38
48 51
139 169
78 159
97 172
36 162
110 111
27 113
25 40
30 118
90 169
2 56
43 57
29 159
103 108
48 172
1 60
87 100
6 175
4 102
143 180
22 119
96 105
108 159
55 67
25 161
85 175
38 100
98 114
117 164
15 116
120 169
18 121
59 159
78 172
31 60
91 111
36 175
55 188
75 103
8 113
94 116
154 167
173 180
52 119
131 183
43 70
84 108
115 175
105 167
31 181
3 119
85 188
79 114
24 178
98 127
43 191
54 57
119 186
12 60
17 175
58 176
91 124
3 11
75 116
94 129
33 119
5 20
24 70
10 135
54 178
114 192
26 79
58 68
130 173
89 135
42 60
47 138
80 86
107 189
121 124
88 176
19 76
24 191
65 192
63 119
82 132
54 70
100 186
141 187
72 87
58 189
144 192
56 79
116 130
176 181
179 186
46 71
65 84
137 189
51 149
49 76
109 127
54 191
95 192
7 79
67 130
171 187
88 189
60 90
46 192
63 132
104 133
123 146
16 20
21 135
81 149
125 192
72 100
37 79
56 92
9 17
14 95
74 146
27 34
46 84
13 136
30 39
16 141
49 89
35 154
39 44
92 136
4 23
23 36
83 87
69 152
41 90
60 103
13 28
104 146
145 147
16 33
2 98
81 162
39 165
37 92
78 93
23 157
138 144
14 108
96 147
55 109
8 34
27 47
13 149
118 165
71 90
90 103
35 167
48 106
6 109
92 149
152 163
4 36
69 165
8 155
25 95
11 160
145 160
2 111
20 165
106 168
18 55
78 106
23 170
138 157
97 119
36 109
96 160
8 47
99 165
118 178
11 52
38 155
71 103
29 106
15 171
1 7
73 112
6 122
133 163
152 176
45 50
50 165
3 53
8 168
27 181
66 109
11 173
24 112
43 125
106 181
18 68
100 107
119 120
77 123
121 166
33 53
52 66
38 168
57 181
10 69
115 122
18 189
133 176
174 177
12 115
45 63
31 128
110 192
94 184
107 123
126 136
24 125
65 126
10 190
170 179
1 141
128 182
21 56
40 69
100 120
45 184
58 123
77 136
42 115
61 128
121 179
181 193
33 66
79 182
10 82
51 83
54 125
95 126
40 190
174 190
7 13
12 128
116 185
28 72
88 123
107 136
5 88
49 131
21 69
40 82
58 136
61 141
14 29
19 144
146 185
32 83
51 96
21 190
95 139
155 190
34 129
26 39
37 134
56 147
14 150
5 101
132 142
151 155
90 145
2 32
62 83
7 147
81 96
141 147
20 86
125 139
23 91
143 156
14 42
32 96
16 88
2 153
117 140
136 153
34 142
53 155
139 158
9 85
50 86
69 99
14 163
27 102
2 45
62 96
20 99
6 164
4 91
83 155
143 169
36 43
55 56
41 158
44 163
85 164
76 115
29 40
120 158
139 171
59 148
92 96
50 99
91 100
110 113
55 177
8 102
113 155
11 107
112 159
24 46
43 59
29 161
1 62
6 177
45 105
105 156
124 169
17 43
36 56
127 174
25 163
66 164
38 102
24 167
98 116
15 118
1 183
18 123
59 161
78 174
119 175
91 113
36 177
110 126
75 105
11 120
84 110
10 124
115 177
43 72
1 75
87 115
17 56
3 121
168 188
66 177
107 178
126 191
19 65
79 116
82 121
142 172
54 59
40 124
31 75
72 76
58 178
77 191
75 118
116 119
61 183
33 121
93 135
5 22
46 60
10 137
49 65
54 180
73 193
67 119
26 81
70 124
130 175
149 188
61 75
88 178
19 78
79 129
123 135
183 186
21 124
40 137
141 189
72 89
58 191
56 81
42 183
116 132
135 145
176 183
5 35
46 73
65 86
35 143
68 91
109 129
7 81
67 132
89 150
130 188
9 127
42 75
88 191
129 192
60 92
13 17
44 84
104 135
123 148
16 22
21 137
53 89
39 154
56 94
74 148
118 154
35 156
7 94
134 135
20 33
92 138
39 46
111 151
23 38
28 153
69 154
41 92
27 157
44 97
104 148
30 162
2 100
62 151
20 154
39 167
37 94
4 146
97 108
157 159
96 149
160 164
99 154
11 41
71 92
57 157
90 105
134 148
6 111
92 151
152 165
4 38
50 154
164 175
2 113
122 178
15 52
1 117
20 167
87 157
106 170
18 57
59 95
78 108
4 159
17 98
36 111
55 124
99 167
140 168
11 54
52 55
38 157
76 183
29 108
1 9
73 114
133 165
50 167
91 168
3 55
8 170
66 111
11 175
85 124
52 176
38 49
24 114
84 165
43 127
1 130
87 170
106 183
147 184
100 109
45 173
119 122
64 186
58 112
3 176
163 165
61 117
140 181
52 68
112 119
98 184
101 189
54 114
18 191
12 117
31 130
177 184
3 68
135 187
52 189
65 128
68 133
109 171
21 58
40 71
26 136
86 187
58 125
89 192
77 138
42 117
61 130
121 181
162 182
33 68
19 133
79 184
63 176
10 84
51 85
82 189
21 179
95 128
54 127
155 179
40 192
7 15
174 192
26 28
12 130
53 131
28 74
88 125
33 189
74 190
47 87
19 25
5 90
65 141
49 133
109 184
68 146
7 136
81 85
67 187
26 149
70 192
14 31
74 82
19 146
60 147
32 85
63 189
51 98
137 138
139 147
72 157
37 136
56 149
14 152
148 152
113 131
13 193
132 144
5 103
2 34
7 149
48 150
81 98
125 141
39 101
83 144
102 157
60 160
13 85
44 152
35 103
76 104
2 155
120 147
139 160
37 149
97 163
50 88
129 152
113 144
27 104
132 157
71 147
131 161
2 47
43 48
84 86
20 101
105 145
64 107
124 158
17 32
55 58
25 152
38 91
57 104
76 117
29 42
6 58
97 176
50 101
91 102
110 115
55 179
11 109
30 122
112 161
131 174
24 48
84 99
43 61
103 112
115 166
1 64
4 106
105 158
124 171
3 110
127 176
168 177
66 166
85 179
24 169
98 118
142 161
1 185
101 123
161 174
59 163
119 177
12 51
17 166
91 115
77 180
75 107
94 120
33 110
112 174
24 61
10 126
115 179
156 180
54 169
1 77
86 121
31 185
58 59
3 123
130 164
22 136
168 190
61 64
126 193
19 67
79 118
24 182
98 131
10 18
142 174
101 136
100 177
12 64
58 180
77 193
116 121
19 188
93 137
52 136
46 62
65 75
10 139
137 180
156 193
49 67
68 80
95 183
128 131
7 70
12 185
89 139
42 64
63 123
49 188
123 137
183 188
40 139
81 140
141 191
34 65
53 78
72 91
42 185
116 134
135 147
176 185
179 190
93 150
5 37
137 193
51 153
34 186
67 134
20 22
70 139
171 191
28 142
47 155
88 193
41 81
44 86
16 24
62 140
34 78
37 83
56 96
14 99
55 100
74 150
8 25
13 140
71 81
16 145
90 94
76 159
134 137
111 153
4 27
23 40
83 91
69 156
41 94
27 159
62 153
106 159
18 46
78 97
36 100
160 166
8 38
13 153
99 156
118 169
71 94
16 158
30 56
76 172
29 97
6 113
133 154
18 167
152 167
50 156
22 57
8 159
27 172
25 99
11 164
30 177
84 154
103 167
122 180
15 54
87 159
18 59
78 110
45 162
36 113
77 114
96 164
22 178
99 169
52 57
98 173
10 60
54 103
73 116
133 167
45 54
31 119
3 57
8 172
11 177
107 114
84 167
10 181
1 132
147 186
40 60
45 175
17 113
58 114
3 178
22 191
61 119
181 184
33 57
19 122
38 172
79 173
98 186
82 178
40 181
12 119
31 132
72 133
91 183
177 186
75 175
88 114
107 127
126 140
5 79
170 183
68 135
128 186
21 60
40 73
86 189
58 127
3 191
121 183
79 186
165 189
63 178
51 87
123 192
21 181
26 30
67 68
116 189
9 63
88 127
46 130
65 143
109 186
68 148
150 187
21 73
62 74
7 138
26 151
67 189
153 192
39 90
125 130
42 132
102 146
60 149
146 189
63 191
104 192
51 100
16 79
34 133
53 146
180 187
139 149
56 151
148 154
151 159
30 98
2 36
7 151
81 100
125 143
25 141
117 144
29 31
34 146
8 93
113 146
27 106
25 33
11 98
71 149
90 162
2 49
43 50
29 152
48 165
1 53
87 93
6 168
4 95
105 147
17 34
143 173
108 152
127 165
25 154
99 103
85 168
38 93
57 106
117 157
43 171
120 162
18 114
59 152
78 165
119 166
31 53
91 104
36 168
110 117
55 181
8 106
154 160
131 176
24 50
43 63
29 165
115 168
87 106
106 119
6 181
45 109
64 122
108 165
149 166
168 179
66 168
85 181
126 182
38 106
79 107
24 171
98 120
43 184
101 125
161 176
18 127
31 66
91 117
77 182
3 4
94 122
80 187
33 112
52 125
24 63
156 182
68 69
54 171
73 184
86 123
31 187
58 61
3 125
89 128
168 192
61 66
47 131
107 182
79 120
65 185
82 125
101 138
142 176
54 63
40 128
72 80
144 185
33 125
19 190
65 77
137 182
51 142
54 184
95 185
7 72
86 136
171 180
190 193
42 66
28 131
47 144
60 83
63 125
49 190
21 128
7 193
141 193
37 72
56 85
74 139
32 142
51 155
16 134
49 82
35 147
70 141
111 142
171 193
23 29
9 131
41 83
113 188
5 160
60 96
13 21
25 75
123 152
2 91
81 155
122 156
78 86
23 150
97 99
55 102
32 155
30 45
71 83
16 147
90 96
76 161
48 99
134 139
20 37
92 142
111 155
50 145
27 161
44 101
85 102
164 166
62 155
103 156
122 169
23 163
138 150
36 102
55 115
96 153
8 40
27 53
99 158
71 96
73 105
92 155
133 156
6 115
152 169
50 158
91 159
110 172
3 46
8 161
94 164
11 166
85 115
145 166
24 105
103 169
15 56
87 161
1 121
18 61
45 164
64 177
36 115
3 167
22 180
121 159
140 172
57 174
98 175
15 177
73 118
133 169
91 172
94 177
126 129
24 118
84 169
170 172
1 134
128 175
86 178
163 169
22 193
77 129
42 108
33 59
52 72
82 180
101 193
40 183
31 134
72 135
75 177
116 178
135 191
28 65
88 116
47 78
107 129
33 180
167 180
170 185
109 175
169 189
21 62
40 75
26 140
86 191
70 183
28 186
102 135
162 186
14 22
79 188
165 191
32 76
51 89
82 193
95 132
34 122
67 70
53 135
26 32
158 188
37 127
56 140
47 91
129 130
88 129
5 94
46 132
49 137
90 138
150 189
2 25
62 76
7 140
81 89
125 132
23 84
9 186
83 135
102 148
143 149
14 35
146 191
44 143
76 95
117 133
136 146
120 138
139 151
6 36
37 140
97 154
9 78
50 79
69 92
14 156
129 143
113 135
30 100
90 151
2 38
20 92
39 105
6 157
124 149
143 162
41 151
127 154
13 89
25 143
44 156
16 94
57 95
2 159
76 108
120 151
139 164
59 141
18 103
78 154
6 49
97 167
36 157
55 170
8 95
27 108
25 35
30 113
112 152
84 90
115 157
87 95
106 108
6 170
64 111
17 36
36 49
22 114
25 156
99 105
85 170
98 109
43 173
15 111
142 152
1 176
101 114
78 167
119 168
91 106
110 119
11 113
24 52
43 65
87 108
64 124
31 176
17 49
108 167
149 168
22 127
66 170
126 184
19 58
38 108
142 165
1 189
100 168
31 68
17 170
91 119
77 184
75 111
33 114
52 127
93 128
46 53
65 66
137 171
156 184
73 186
26 74
67 112
86 125
12 176
31 189
70 117
58 63
3 127
149 181
47 133
88 171
107 184
19 71
24 186
65 187
63 114
82 127
68 192
53 69
58 184
144 187
116 125
61 189
135 138
74 128
19 192
179 181
93 141
46 66
51 144
49 71
68 84
35 136
95 187
7 74
26 87
67 125
53 190
9 120
42 68
28 133
46 187
63 127
104 128
123 141
183 192
34 69
53 82
39 147
56 87
42 189
83 190
116 138
74 141
27 29
159 185
51 157
118 147
71 72
30 34
35 149
7 87
34 190
92 131
4 18
23 31
28 146
60 98
27 150
13 23
25 77
104 141
2 93
34 82
39 160
4 139
78 88
23 152
37 87
36 91
96 142
99 147
11 34
90 98
48 101
134 141
111 157
152 158
4 31
23 44
50 147
69 160
110 161
8 150
30 168
145 155
164 168
2 106
84 145
43 107
87 150
59 88
4 152
18 50
78 101
17 91
36 104
22 169
96 155
8 42
140 161
11 47
38 150
29 101
1 2
133 158
152 171
91 161
3 48
22 61
8 163
11 168
85 117
38 42
43 120
84 158
15 58
106 176
18 63
59 101
64 179
17 104
58 105
3 169
22 182
80 123
140 174
33 48
115 117
82 169
101 182
15 179
54 107
73 120
114 121
18 184
133 171
45 58
31 123
91 174
3 61
75 166
94 179
88 105
33 169
107 118
126 131
167 169
24 120
65 121
10 185
170 174
1 136
21 51
40 64
45 179
58 118
3 182
77 131
42 110
121 174
162 175
47 188
181 188
19 126
79 177
98 190
63 169
10 77
114 134
155 172
174 185
7 8
158 177
72 137
75 179
116 180
88 118
33 182
74 183
107 131
47 80
46 121
5 83
68 139
109 177
128 190
21 64
7 129
40 77
67 180
26 142
70 185
28 188
162 188
14 24
19 139
60 140
165 193
13 65
32 78
63 182
104 183
51 91
16 70
21 185
95 134
155 185
53 137
72 150
56 142
69 81
113 124
46 134
5 96
16 191
90 140
2 27
81 91
26 155
20 81
39 94
23 86
9 188
102 150
14 37
41 140
146 193
13 78
16 83
35 96
136 148
34 137
120 140
180 191
6 38
37 142
56 155
97 156
9 80
50 81
69 94
129 145
55 159
8 84
132 150
11 89
71 140
30 102
90 153
2 40
29 143
48 156
4 86
23 99
105 138
124 151
108 143
41 153
127 156
117 148
120 153
18 105
78 156
97 169
91 95
36 159
8 97
71 153
112 154
24 41
103 105
106 110
6 172
4 99
45 100
64 113
124 164
17 38
36 51
22 116
127 169
168 170
38 97
24 162
43 175
142 154
161 167
18 118
59 156
119 170
36 172
75 100
94 113
154 164
33 103
84 105
115 172
54 162
1 70
89 119
107 173
19 60
24 175
10 11
63 103
82 116
142 167
1 191
101 129
100 170
119 183
58 173
77 186
61 178
33 116
19 181
93 130
52 129
5 17
46 55
65 68
10 132
156 186
109 111
54 175
73 188
67 114
130 170
28 122
88 173
107 186
19 73
60 74
79 124
5 138
49 181
123 130
21 119
40 132
81 133
72 84
144 189
37 63
56 76
116 127
176 178
102 192
135 140
74 130
46 68
5 30
51 146
67 127
26 89
9 122
129 187
41 74
60 87
5 151
132 192
81 146
53 84
20 136
125 189
23 141
42 191
56 89
9 14
27 31
13 133
32 146
118 149
159 187
30 36
16 138
71 74
35 151
20 28
92 133
4 20
83 84
50 136
113 192
44 92
85 93
30 157
104 143
16 30
2 95
62 146
103 147
122 160
20 149
106 152
4 141
78 90
23 154
96 144
55 106
8 31
27 44
13 146
99 149
118 162
71 87
30 49
29 90
48 103
15 155
6 106
133 147
152 160
4 33
50 149
69 162
22 50
8 152
85 106
30 170
43 109
84 147
103 160
106 165
59 90
4 154
78 103
64 168
17 93
36 106
22 171
8 44
99 162
140 163
98 166
10 53
54 96
1 4
73 109
18 173
133 160
152 173
31 112
110 176
3 50
75 155
22 63
43 122
1 125
100 104
45 168
64 181
77 120
61 112
80 125
140 176
33 50
38 165
79 166
98 179
10 66
82 171
101 184
54 109
73 122
114 123
40 174
12 112
31 125
3 63
5 72
65 123
170 176
68 128
128 179
40 66
26 131
86 182
70 174
89 187
42 112
80 138
47 190
121 176
181 190
33 63
19 128
79 179
32 67
63 171
51 80
82 184
123 185
35 72
40 187
174 187
7 10
12 125
53 126
177 192
56 131
116 182
9 56
88 120
33 184
74 185
47 82
68 141
150 180
21 66
7 131
39 83
70 187
42 125
162 190
14 26
19 141
13 67
95 136
136 137
62 188
7 23
72 152
37 131
69 83
14 147
113 126
13 188
132 139
27 86
151 152
30 91
150 193
2 29
20 83
39 96
125 136
92 188
4 75
41 142
25 134
44 147
57 86
2 150
76 99
136 150
34 139
180 193
97 158
69 96
8 86
113 139
25 26
71 142
90 155
2 42
29 145
48 158
20 96
23 101
105 140
17 27
36 40
22 105
41 155
127 158
25 147
44 160
57 99
117 150
15 102
18 107
78 158
97 171
31 46
50 96
91 97
8 99
94 102
11 104
112 156
131 169
24 43
43 56
84 94
87 99
106 112
6 174
45 102
64 115
105 153
3 105
168 172
66 161
85 174
79 100
24 164
43 177
82 105
15 115
1 180
59 158
100 159
17 161
36 174
77 175
80 180
112 169
115 174
156 175
54 164
73 177
45 115
12 167
149 172
168 185
42 46
66 174
107 175
126 188
98 126
65 178
82 118
142 169
68 183
21 108
54 56
40 121
53 60
72 73
58 175
77 188
42 167
61 180
80 193
33 118
74 119
19 183
5 19
10 134
51 135
137 175
156 188
49 62
68 75
109 113
95 178
7 65
26 78
67 116
31 193
70 121
89 134
130 172
47 137
88 175
107 188
148 189
46 178
5 140
65 191
49 183
21 121
7 186
34 60
53 73
125 178
144 191
37 65
56 78
42 180
61 193
93 145
32 135
51 148
178 189
49 75
35 140
26 91
34 181
70 134
37 186
88 188
129 189
46 191
5 153
44 81
16 19
20 138
125 191
23 143
9 16
96 133
55 95
8 20
16 140
35 153
29 79
48 92
6 95
92 135
4 22
23 35
50 138
69 151
41 89
8 141
27 154
25 81
44 94
11 146
85 95
145 146
62 148
103 149
122 162
15 36
20 151
18 41
59 79
78 92
64 157
36 95
55 108
96 146
27 46
99 151
30 51
71 89
29 92
15 157
6 108
133 149
4 35
91 152
110 165
3 39
22 52
94 157
11 159
85 108
24 98
84 149
43 111
103 162
106 167
147 168
59 92
18 54
64 170
36 108
22 173
121 152
80 114
33 39
38 154
57 167
98 168
15 170
101 173
1 6
54 98
73 111
31 114
91 165
22 65
75 157
33 160
107 109
10 176
84 162
1 127
128 168
40 55
100 106
45 170
3 173
89 176
121 165
79 168
82 173
101 186
155 163
114 125
174 176
31 127
72 128
158 168
116 171
135 184
28 58
93 187
167 173
10 189
109 168
68 130
40 68
67 171
58 122
162 179
181 192
19 130
79 181
165 184
32 69
82 186
21 176
40 189
155 176
12 127
72 141
158 181
116 184
88 122
14 136
74 187
47 84
46 125
32 190
109 181
26 146
23 77
83 128
28 192
162 192
146 184
60 144
32 82
16 74
76 88
62 190
136 139
21 189
34 128
53 141
180 182
56 146
50 72
69 85
13 190
151 154
30 93
90 144
62 82
48 147
134 187
4 77
9 192
124 142
41 144
25 136
44 149
16 87
57 88
2 152
136 152
139 157
6 42
18 96
78 147
97 160
50 85
69 98
55 163
27 101
11 93
90 157
131 158
24 32
43 45
29 147
48 160
45 91
64 104
124 155
36 42
25 149
66 150
38 88
57 101
15 104
1 169
18 109
78 160
17 150
91 99
36 163
110 112
75 91
8 101
154 155
52 107
131 171
10 110
84 96
115 163
1 61
45 104
64 117
3 107
108 160
149 161
85 176
126 177
38 101
79 102
24 166
98 115
43 179
82 107
101 120
100 161
119 174
12 48
31 61
91 112
58 164
77 177
94 117
52 120
93 121
5 8
10 123
73 179
114 180
67 105
86 118
31 182
70 110
130 161
89 123
149 174
42 48
168 187
47 126
88 164
19 64
24 179
63 107
82 120
100 174
141 175
53 62
72 75
144 180
77 190
61 182
33 120
93 134
46 59
32 124
65 72
137 177
51 137
156 190
49 64
35 129
109 115
95 180
68 77
26 80
12 182
67 118
86 131
53 183
70 123
171 175
42 61
28 126
47 139
88 177
46 180
5 142
65 193
63 120
123 134
62 124
81 137
141 188
39 140
125 180
37 67
42 182
74 134
13 124
32 137
118 140
51 150
178 191
16 129
35 142
92 124
37 188
4 11
171 188
69 140
41 78
113 183
27 143
44 83
16 21
2 86
62 137
81 150
34 75
20 140
125 193
78 81
23 145
14 96
96 135
55 97
8 22
25 191
13 137
118 153
159 191
71 78
90 91
76 156
48 94
111 150
4 24
69 153
110 154
8 143
11 148
44 96
30 161
122 164
87 143
20 153
106 156
59 81
4 145
23 158
138 145
17 84
96 148
8 35
99 153
140 154
15 159
6 110
152 164
50 153
3 41
94 159
66 97
11 161
24 100
84 151
103 164
15 51
87 156
147 170
18 56
59 94
45 159
3 162
77 111
22 175
80 116
140 167
79 157
10 57
82 162
101 175
54 100
73 113
133 164
12 103
75 159
94 172
33 162
107 111
52 175
24 113
65 114
109 157
68 119
128 170
21 44
40 57
100 108
45 172
3 175
77 124
22 188
89 178
42 103
61 116
80 129
121 167
33 54
165 173
63 162
51 71
82 175
54 113
95 114
40 178
114 127
12 116
72 130
158 170
177 183
88 111
33 175
74 176
93 189
46 114
49 119
68 132
169 184
21 57
7 122
67 173
86 186
89 191
42 116
61 129
14 17
19 132
146 173
32 71
63 175
51 84
104 176
123 189
16 63
114 140
34 117
158 183
72 143
37 122
69 74
74 189
46 127
5 89
150 184
2 20
62 71
20 74
125 127
9 181
102 143
14 30
41 133
60 146
146 186
44 138
16 76
2 141
35 89
62 192
120 133
6 31
9 73
69 87
129 138
96 190
8 77
13 192
132 143
71 133
30 95
2 33
62 84
29 136
134 189
6 152
64 93
83 143
17 18
143 157
25 138
38 77
76 103
136 154
15 93
97 162
50 87
36 152
11 95
30 108
131 160
24 34
84 85
115 152
48 162
6 165
4 92
45 93
105 144
64 106
3 96
127 162
66 152
85 165
38 90
57 103
24 155
119 163
17 152
91 101
77 166
75 93
94 106
131 173
115 165
1 63
54 155
73 168
87 103
89 112
108 162
149 163
168 176
107 166
79 104
24 168
98 117
43 181
63 96
101 122
1 184
12 50
31 63
17 165
58 166
75 106
80 184
33 109
52 122
5 10
46 48
10 125
137 166
156 179
49 53
114 182
67 107
72 185
70 112
89 125
149 176
42 50
28 115
61 63
126 192
5 131
46 169
65 182
21 112
81 126
26 190
53 64
72 77
58 179
144 182
116 120
61 184
74 123
46 61
5 23
137 179
51 139
49 66
68 79
35 131
67 120
111 126
56 190
9 115
88 179
129 180
148 193
60 80
44 72
104 123
123 136
183 187
21 125
81 139
141 190
20 129
125 182
37 69
83 185
74 136
32 139
44 193
159 180
178 193
118 142
34 185
20 21
6 86
37 190
92 126
4 13
23 26
50 129
129 193
27 145
13 18
25 72
44 85
30 150
104 136
71 188
16 23
62 139
122 153
20 142
18 32
4 134
96 137
27 37
25 193
99 142
159 193
57 145
6 99
133 140
50 142
110 156
25 85
11 150
30 163
84 140
43 102
103 153
122 166
15 40
87 145
106 158
18 45
59 83
4 147
36 99
22 164
55 112
8 37
11 42
38 145
98 159
10 46
15 161
18 166
152 166
31 105
91 156
110 169
3 43
8 158
94 161
24 102
84 153
1 118
87 158
64 174
17 99
61 105
121 156
33 43
52 56
79 159
98 172
101 177
54 102
73 115
18 179
12 105
31 118
158 159
91 169
75 161
135 175
33 164
107 113
52 177
5 65
65 116
10 180
109 159
147 185
21 46
40 59
100 110
67 162
26 124
58 113
3 177
77 126
89 180
61 118
80 131
162 170
181 183
33 56
19 121
63 164
35 65
21 167
40 180
155 167
72 132
56 124
88 113
33 177
74 178
107 126
5 78
65 129
68 134
109 172
150 173
21 59
26 137
86 188
172 191
39 76
70 180
102 132
162 183
14 19
19 134
146 175
13 60
63 177
51 86
123 191
95 129
7 16
37 124
116 188
157 189
9 62
14 140
27 79
113 119
46 129
49 134
90 135
150 186
2 22
62 73
7 137
48 138
134 178
81 86
20 76
125 129
92 181
39 89
4 68
23 81
9 183
83 132
143 146
14 32
104 191
57 79
117 130
136 143
120 135
180 186
78 138
97 151
50 76
11 84
71 135
30 97
90 148
131 149
29 138
134 191
175 192
6 154
23 94
64 95
124 146
108 138
127 151
25 140
85 154
38 79
57 92
2 156
76 105
117 143
43 157
29 30
15 95
120 148
97 164
17 141
36 154
55 167
94 95
11 97
71 148
24 36
115 154
1 52
73 157
3 98
108 151
66 154
126 168
79 93
98 106
82 98
142 149
101 111
161 162
18 113
100 152
119 165
31 52
91 103
36 167
80 173
154 159
33 98
112 162
10 114
115 167
156 168
73 170
45 108
31 173
3 111
149 165
107 168
24 170
65 171
63 98
101 124
142 162
1 186
21 101
40 114
119 178
31 65
58 168
75 108
42 160
61 173
33 111
74 112
46 50
10 127
51 128
156 181
7 58
12 173
31 186
72 187
70 114
89 127
42 52
28 117
47 130
88 168
148 182
19 68
60 69
5 133
151 187
104 112
123 125
68 189
7 179
40 127
26 192
125 171
72 79
144 184
37 58
56 71
116 122
61 186
14 74
19 189
60 190
13 115
32 128
137 181
178 182
51 141
26 84
111 128
56 192
171 179
28 130
129 182
41 69
46 184
5 146
49 189
90 190
123 138
2 77
81 141
122 142
34 66
20 131
39 144
23 136
56 84
55 88
96 126
41 190
32 141
159 182
30 31
35 146
76 147
29 72
48 85
34 187
120 190
92 128
6 88
111 141
37 192
171 192
50 131
41 82
27 147
113 187
30 152
2 90
62 141
15 29
18 34
59 72
4 136
23 149
97 98
78 85
36 88
55 101
27 39
11 31
38 134
71 82
57 147
30 44
76 160
29 85
48 98
92 141
133 142
18 155
152 155
4 28
50 144
91 145
110 158
8 147
27 160
25 87
11 152
85 101
145 152
24 91
43 104
84 142
15 42
1 107
106 160
18 47
59 85
78 98
64 163
17 88
36 101
77 102
80 107
140 158
57 160
98 161
15 163
101 166
54 91
73 104
18 168
133 155
31 107
91 158
3 45
22 58
75 150
94 163
66 101
11 165
52 166
24 104
84 155
10 169
43 117
1 120
87 160
147 174
40 48
64 176
17 101
58 102
3 166
61 107
80 120
19 110
98 174
10 61
82 166
54 104
73 117
114 118
40 169
12 107
158 161
75 163
116 164
135 177
52 179
10 182
170 171
109 161
128 174
169 175
21 48
67 164
26 126
100 112
86 177
58 115
89 182
42 107
61 120
102 121
47 185
162 172
19 123
146 164
79 174
51 75
82 179
123 180
21 169
40 182
114 131
53 121
158 174
88 115
47 77
14 129
74 180
93 193
46 118
5 80
65 131
32 183
150 175
169 188
26 139
172 193
20 65
39 78
70 182
9 172
42 120
162 185
14 21
41 124
146 177
165 190
44 129
32 75
35 80
21 182
62 183
76 81
34 121
53 134
6 22
37 126
56 139
138 178
97 140
74 193
13 183
132 134
16 188
90 137
150 188
48 140
134 180
153 193
20 78
39 91
6 143
92 183
9 185
124 135
143 148
187 191
13 75
2 145
117 132
136 145
15 84
120 137
180 188
6 35
78 140
138 191
50 78
36 143
90 150
131 151
29 140
48 153
1 41
64 97
124 148
17 22
22 100
127 153
25 142
66 143
85 156
38 81
57 94
2 158
43 159
15 97
1 162
59 140
18 102
78 153
31 41
17 143
91 92
75 84
84 89
29 153
115 156
43 51
87 94
73 159
105 148
64 110
31 162
17 35
3 100
22 113
149 154
66 156
126 170
38 94
24 159
98 108
43 172
82 100
101 113
1 175
100 154
119 167
12 41
17 156
91 105
58 157
77 170
94 110
52 113
112 164
115 169
156 170
54 159
73 172
67 98
12 162
89 116
149 167
88 157
19 57
142 164
21 103
141 168
12 54
53 55
144 173
77 183
61 175
80 188
74 114
46 52
10 129
137 170
156 183
49 57
68 70
95 173
114 186
7 60
26 73
53 176
70 116
42 54
28 119
88 170
47 132
60 71
5 135
65 186
151 189
63 113
104 114
123 127
62 117
53 68
72 81
125 173
144 186
56 73
116 124
14 76
74 127
60 192
32 130
51 143
178 184
137 183
16 122
49 70
95 186
48 74
34 176
53 189
139 192
37 181
111 130
171 181
9 119
69 133
41 71
113 176
46 186
132 189
25 63
44 76
104 127
2 79
81 143
34 68
20 133
37 73
23 138
55 90
8 15
27 28
99 133
118 146
159 184
11 20
30 33
35 148
76 149
29 74
34 189
120 192
111 143
69 146
22 34
25 76
11 141
85 90
71 192
44 89
84 131
15 31
20 146
59 74
4 138
23 151
97 100
36 90
8 28
99 146
11 33
76 162
15 152
18 157
6 103
50 146
91 147
3 34
85 103
30 167
84 144
15 44
106 162
147 163
4 151
45 152
36 103
77 104
3 155
121 147
33 34
98 163
101 168
73 106
18 170
133 157
31 109
91 160
94 165
47 53
33 155
65 107
10 171
1 122
40 50
100 101
45 165
58 104
89 171
22 181
42 96
61 109
80 122
79 163
98 176
63 155
82 168
54 106
95 107
40 171
155 158
114 120
12 109
31 122
72 123
116 166
28 53
47 66
33 168
93 182
5 69
65 120
10 184
68 125
128 176
169 177
7 115
86 179
89 184
61 122
102 123
28 174
47 187
181 187
165 179
13 51
51 77
16 56
21 171
40 184
155 171
158 176
37 115
56 128
116 179
135 192
88 117
14 131
46 120
32 185
49 125
35 190
169 190
134 169
67 179
26 141
9 174
102 136
41 126
60 139
32 77
44 131
16 69
35 82
21 184
117 121
62 185
76 83
56 141
97 142
23 193
157 193
50 67
8 70
113 123
13 185
30 88
90 139
29 129
134 182
48 142
20 80
6 145
92 185
4 72
9 187
50 188
83 136
143 150
41 139
187 193
25 131
57 83
76 96
136 147
15 86
120 139
180 190
6 37
78 142
55 158
8 83
113 136
11 88
30 101
71 139
131 153
24 27
29 142
6 158
45 86
64 99
105 137
124 150
36 37
108 142
22 102
66 145
85 158
38 83
24 148
43 161
15 99
101 102
18 104
59 142
78 155
119 156
17 145
52 102
10 105
84 91
87 96
1 56
73 161
54 148
17 37
22 115
108 155
149 156
107 159
24 161
43 174
82 102
101 115
1 177
161 166
100 156
12 43
58 159
77 172
75 99
33 102
52 115
137 159
114 175
26 62
67 100
12 164
130 156
149 169
47 121
107 172
126 185
19 59
79 110
5 124
46 162
49 167
68 180
40 118
26 183
12 56
144 175
56 62
42 164
61 177
102 178
14 65
74 116
32 119
65 67
51 132
156 185
109 110
68 72
7 62
67 113
53 178
72 191
70 118
56 183
130 169
42 56
9 108
28 121
47 134
129 173
41 60
5 137
46 175
65 188
44 65
49 180
68 193
62 119
141 183
34 57
125 175
144 188
37 62
56 75
83 178
102 191
14 78
74 129
41 181
32 132
118 135
51 145
178 186
159 173
16 124
35 137
95 188
136 189
7 75
48 76
92 119
6 79
171 183
4 6
28 134
69 135
113 178
27 138
60 86
71 181
81 145
39 148
166 189
125 188
18 25
4 127
37 75
36 79
96 130
55 92
8 17
27 30
13 132
159 186
118 148
11 22
30 35
71 73
16 137
57 138
117 189
48 89
92 132
6 92
50 135
8 138
113 191
25 78
66 79
43 95
84 133
103 146
87 138
20 148
106 151
59 76
18 38
4 140
23 153
105 192
17 79
36 92
22 157
55 105
99 148
140 149
38 138
57 151
29 89
133 146
152 159
31 98
91 149
110 162
3 36
22 49
8 151
94 154
11 156
52 157
85 105
24 95
43 108
147 165
45 154
58 93
3 157
61 98
80 111
121 149
33 36
38 151
98 165
82 157
54 95
12 98
91 162
75 154
94 167
135 168
88 93
65 109
147 178
21 39
40 52
26 117
45 167
100 103
86 168
58 106
89 173
77 119
42 98
61 111
80 124
121 162
162 163
98 178
32 53
63 157
51 66
82 170
101 183
54 108
21 160
40 173
155 160
72 125
56 117
75 167
28 55
33 170
10 186
49 114
68 127
169 179
21 52
7 117
67 168
86 181
42 111
83 112
28 176
102 125
47 189
162 176
19 127
60 128
165 181
13 53
63 170
16 58
35 71
95 122
40 186
81 187
7 9
53 125
56 130
157 182
74 184
13 174
46 122
5 84
32 187
49 127
35 192
150 179
2 15
7 130
48 131
67 181
134 171
39 82
23 74
9 176
83 125
102 138
146 181
25 120
104 184
2 136
62 187
120 128
139 141
6 26
138 182
55 147
129 133
8 72
27 85
99 190
132 138
11 77
71 128
90 141
131 142
2 28
29 131
48 144
134 184
20 82
92 187
6 147
64 88
105 126
124 139
8 193
127 144
25 133
44 146
85 147
57 85
2 149
117 136
15 88
120 141
6 39
59 131
78 144
97 157
55 160
27 98
71 141
30 103
115 147
1 45
73 150
45 88
105 139
64 101
17 26
22 104
79 86
24 150
43 163
15 101
1 166
59 144
100 145
119 158
77 161
75 88
94 101
80 166
33 91
52 104
112 155
24 42
156 161
1 58
73 163
45 101
86 102
31 166
3 104
130 145
149 158
168 171
66 160
107 161
126 174
79 99
24 163
98 112
65 164
63 91
101 117
1 179
40 107
100 158
119 171
12 45
31 58
58 161
77 174
75 101
33 104
19 169
93 118
10 120
156 174
12 166
31 179
72 180
70 107
42 45
88 161
47 123
107 174
148 175
19 61
60 62
46 164
65 177
63 104
104 105
49 169
68 182
21 107
40 120
81 121
34 46
125 164
37 51
42 166
61 179
74 118
19 182
5 18
46 56
32 121
35 126
95 177
26 77
67 115
53 180
34 167
70 120
56 185
9 110
28 123
47 136
129 175
41 62
60 75
5 139
132 180
151 193
104 118
49 182
90 183
7 185
81 134
34 59
20 124
144 190
185 191
37 64
83 180
14 80
41 183
13 121
32 134
159 175
178 188
16 126
117 178
29 65
34 180
120 183
6 81
111 134
4 8
69 137
41 75
113 180
132 193
25 67
44 80
30 145
2 83
103 135
122 148
106 140
166 191
59 65
4 129
18 27
23 142
55 94
13 134
99 137
159 188
118 150
30 37
16 139
76 153
117 191
48 91
15 143
92 134
133 135
6 94
59 186
110 151
22 38
113 193
25 80
66 81
11 145
85 94
24 84
43 97
84 135
122 161
15 35
1 100
87 140
106 153
4 142
78 91
64 156
17 81
80 100
140 151
98 154
15 156
54 84
73 97
18 161
133 148
152 161
91 151
110 164
75 143
8 153
22 51
24 97
43 110
147 167
40 41
45 156
58 95
22 172
61 100
33 38
19 103
38 153
10 54
82 159
54 97
73 110
40 162
31 113
72 114
75 156
94 169
88 95
47 57
107 108
33 159
93 173
52 172
10 175
68 116
128 167
147 180
100 105
86 170
58 108
3 172
47 178
162 165
19 116
5 181
165 170
35 60
21 162
40 175
155 162
12 113
53 114
72 127
158 167
56 119
116 170
9 44
47 70
88 108
51 189
68 129
150 168
109 167
26 132
153 173
67 170
70 175
9 165
83 114
28 178
102 127
47 191
146 170
165 183
44 122
32 68
51 81
16 60
35 73
21 175
81 189
34 114
53 127
37 119
116 183
9 57
14 135
74 186
13 176
16 181
90 130
150 181
62 68
48 133
134 173
20 71
39 84
111 189
4 63
9 178
83 127
28 191
41 130
127 133
146 183
60 143
25 122
44 135
145 187
57 74
2 138
76 87
62 189
136 138
4 184
78 133
138 184
97 146
55 149
8 74
27 87
113 127
11 79
90 143
131 144
48 146
1 34
92 189
64 90
50 192
143 154
108 133
22 93
25 135
85 149
2 151
84 190
117 138
59 133
18 95
78 146
55 162
8 87
11 92
112 144
24 31
43 44
1 47
45 90
64 103
105 141
17 28
3 93
85 162
38 87
79 88
24 152
98 101
43 165
82 93
142 144
101 106
18 108
100 147
119 160
12 34
31 47
91 98
58 150
77 163
94 103
80 168
33 93
24 44
156 163
114 166
26 53
86 104
31 168
3 106
168 173
88 150
126 176
79 101
24 165
101 119
1 181
100 160
141 161
58 163
144 166
77 176
61 168
80 181
33 106
93 120
5 7
10 122
137 163
49 50
54 165
95 166
114 179
7 53
26 66
12 168
72 182
70 109
130 160
107 176
19 63
5 128
46 166
63 106
104 107
49 171
21 109
40 122
7 174
81 123
141 174
34 48
53 61
39 126
72 74
56 66
116 117
102 182
74 120
93 133
13 110
32 123
51 136
49 63
16 115
95 179
7 66
48 67
34 169
53 182
37 174
70 122
56 187
171 174
9 112
69 126
129 177
148 190
41 64
5 141
132 182
25 56
104 120
49 184
2 72
81 136
20 126
39 139
125 179
23 131
83 182
14 82
41 185
13 123
99 126
44 190
32 136
11 13
178 190
16 128
35 141
136 193
29 67
92 123
37 187
6 83
129 190
8 129
113 182
25 69
11 134
44 82
30 147
2 85
43 86
29 188
103 137
62 136
122 150
15 24
20 139
106 142
18 29
78 80
23 144
64 145
17 70
36 83
96 134
55 96
8 21
25 190
159 190
11 26
38 129
71 77
117 193
76 155
6 96
133 137
50 139
110 153
22 40
8 142
27 155
66 83
85 96
30 160
84 137
103 150
1 102
106 155
147 156
59 80
18 42
45 145
64 158
17 83
36 96
22 161
80 102
140 153
57 155
98 156
10 43
101 161
133 150
12 89
31 102
91 153
110 166
22 53
94 158
33 148
10 164
84 150
1 115
40 43
33 40
19 105
98 169
10 56
51 57
82 161
40 164
12 102
72 116
116 159
135 172
28 46
88 97
47 59
107 110
52 174
93 175
46 100
51 178
49 105
109 156
128 169
169 170
21 43
40 56
67 159
26 121
86 172
172 175
42 102
102 116
47 180
162 167
19 118
146 159
79 169
165 172
51 70
82 174
123 175
35 62
21 164
95 113
114 126
53 116
158 169
72 129
116 172
28 59
14 124
88 110
51 191
49 118
90 119
35 183
150 170
7 121
26 134
172 188
9 167
83 116
28 180
102 129
47 193
14 16
165 185
44 124
32 70
164 189
16 62
21 177
34 116
53 129
6 17
37 121
23 186
56 134
97 135
157 186
9 59
27 76
113 116
32 191
71 119
30 81
2 19
134 175
20 73
111 191
50 181
124 130
83 129
41 132
85 138
145 189
62 191
103 192
15 79
120 132
180 183
59 122
4 186
78 135
6 30
97 148
50 73
69 86
36 138
8 76
27 89
13 191
11 81
112 133
29 135
115 138
48 148
134 188
92 191
45 79
57 89
84 192
43 154
1 157
59 135
119 149
17 138
163 192
11 94
43 46
10 98
115 151
87 89
54 141
1 49
64 105
3 95
107 152
19 39
79 90
98 103
43 167
82 95
1 170
40 98
100 149
12 36
31 49
17 151
58 152
77 165
94 105
93 109
10 111
137 152
54 154
73 167
26 55
12 157
31 170
70 98
3 108
89 111
130 149
126 178
19 52
79 103
65 168
82 108
68 173
100 162
141 163
12 49
74 109
19 173
93 122
46 47
5 9
51 125
156 178
49 52
114 181
7 55
26 68
12 170
53 171
86 119
72 184
130 162
42 49
28 114
47 127
41 53
46 168
5 130
65 181
151 184
44 58
104 109
21 111
62 112
7 176
26 189
34 50
39 128
144 181
37 55
56 68
83 171
14 71
60 187
32 125
159 166
51 138
178 179
16 117
35 130
95 181
34 171
139 187
92 112
37 176
111 125
9 114
28 127
69 128
14 192
148 192
41 66
113 171
60 79
27 131
25 58
44 71
104 122
7 189
81 138
122 139
48 190
34 63
39 141
23 133
55 85
41 187
96 123
8 10
25 179
44 192
159 179
178 192
57 131
117 182
48 82
34 184
92 125
4 12
50 128
110 142
22 29
25 71
71 187
43 88
84 126
103 139
15 26
106 144
4 133
78 82
23 146
17 72
96 136
55 98
22 150
8 23
99 141
140 142
11 28
57 144
76 157
18 152
59 190
31 91
50 141
91 142
17 193
3 29
22 42
52 150
85 98
103 152
15 39
87 144
1 104
106 157
147 158
64 160
17 85
3 150
77 99
22 163
121 142
80 104
38 144
79 145
98 158
10 45
82 150
15 160
101 163
73 101
12 91
31 104
91 155
3 42
135 161
33 150
52 163
10 166
109 145
68 107
128 158
147 171
86 161
3 163
89 166
77 112
42 91
61 104
47 169
121 155
98 171
63 150
95 102
40 166
114 115
75 160
116 161
88 99
33 163
74 164
46 102
51 180
109 158
169 172
21 45
40 58
67 161
86 174
39 62
42 104
83 105
28 169
47 182
19 120
13 46
63 163
104 164
123 177
16 51
35 64
21 166
40 179
53 118
72 131
37 110
56 123
157 175
9 48
74 177
93 190
51 193
16 172
90 121
35 185
150 172
169 185
7 123
67 174
153 177
172 190
70 179
111 180
23 67
28 182
14 18
41 121
60 134
32 72
104 177
123 190
16 64
76 78
62 180
34 118
120 121
37 123
78 124
138 175
97 137
157 188
9 61
14 139
160 193
8 65
27 78
32 193
30 83
16 185
131 135
2 21
153 190
64 81
9 182
50 183
124 132
8 186
127 137
41 134
11 191
85 140
145 191
76 91
15 81
120 134
180 185
4 188
97 150
138 188
50 75
36 140
8 78
38 186
112 135
71 134
131 148
115 140
6 153
4 80
3 84
66 140
59 137
119 151
12 25
31 38
17 140
36 153
77 154
80 159
33 84
24 35
10 100
115 153
87 91
73 156
45 94
86 95
130 138
22 110
149 151
89 100
19 41
98 105
119 164
58 154
77 167
75 94
61 159
33 97
19 162
10 113
156 167
114 170
7 44
67 95
12 159
26 57
31 172
86 108
70 100
149 164
47 116
107 167
19 54
5 119
46 157
63 97
68 175
26 178
141 165
58 167
144 170
56 57
61 172
102 173
14 60
74 111
46 49
32 114
51 127
137 167
49 54
95 170
7 57
26 70
67 108
70 113
111 114
56 178
9 103
47 129
129 168
41 55
46 170
132 173
44 60
21 113
81 127
141 178
56 70
83 173
14 73
13 114
44 181
118 130
32 127
178 181
16 119
35 132
117 171
136 184
29 58
48 71
53 186
92 114
37 178
111 127
171 178
69 130
41 68
113 173
44 73
90 189
62 127
48 192
106 133
166 184
18 20
4 122
96 125
41 189
127 192
55 87
25 181
99 130
159 181
11 17
57 133
15 136
48 84
92 127
37 191
78 192
4 14
69 143
27 146
25 73
66 74
71 189
24 77
43 90
29 192
103 141
1 93
87 133
59 71
45 136
78 84
64 149
17 74
36 87
77 88
96 138
22 152
38 133
57 146
15 149
101 152
73 90
59 192
31 93
110 157
22 44
75 136
94 149
66 87
52 152
24 90
10 155
87 146
147 160
45 149
64 162
17 87
77 101
121 144
79 147
10 47
82 152
135 163
33 152
52 165
93 166
5 53
65 104
49 96
109 147
21 34
26 112
86 163
61 106
102 107
19 109
79 160
32 48
51 61
95 104
40 168
114 117
12 106
72 120
116 163
135 176
28 50
47 63
33 165
93 179
5 66
32 169
35 174
150 161
169 174
7 112
9 158
102 120
47 184
146 163
5 187
13 48
32 61
63 165
104 166
16 53
35 66
62 169
34 107
39 185
6 8
157 177
9 50
28 63
74 179
160 182
27 67
13 169
118 185
30 72
16 174
90 123
150 174
169 187
7 125
48 126
111 182
28 184
27 188
60 136
25 115
13 61
164 193
16 66
57 67
117 118
62 182
34 120
120 123
6 21
4 177
37 125
23 190
97 139
50 64
14 141
113 120
30 85
16 187
57 188
131 137
29 126
48 139
134 179
1 27
20 77
4 69
23 82
105 121
143 147
22 86
8 188
127 139
187 190
25 128
44 141
11 193
145 193
38 67
57 80
43 145
117 131
18 88
4 190
78 139
36 142
55 155
11 85
52 86
112 137
131 150
115 142
175 193
73 145
6 155
64 96
66 142
85 155
126 156
38 80
79 81
43 158
15 96
59 139
94 96
24 37
10 102
115 155
54 145
45 96
12 148
31 161
89 102
149 153
47 105
126 169
19 43
24 158
98 107
82 99
68 164
142 150
21 89
100 153
141 154
12 40
58 156
77 169
42 148
33 99
74 100
10 115
137 156
51 116
54 158
95 159
114 172
7 46
67 97
12 161
86 110
89 115
130 153
47 118
107 169
19 56
46 159
65 172
151 175
49 164
68 177
21 102
81 116
26 180
39 119
58 169
144 172
56 59
42 161
102 175
19 177
60 178
93 126
32 116
51 129
137 169
49 56
35 121
114 185
7 59
48 60
53 175
70 115
111 116
9 105
14 183
148 183
5 134
44 62
123 126
62 116
122 130
34 54
185 186
37 59
23 124
102 188
143 189
14 75
55 76
13 116
99 119
32 129
159 170
35 134
76 135
117 173
136 186
34 175
139 191
92 116
50 119
69 132
113 175
132 188
44 75
90 191
62 129
15 17
106 135
59 60
18 22
64 138
83 188
25 183
99 132
118 145
30 32
117 186
29 73
15 138
59 181
4 16
91 133
110 146
3 20
8 135
66 76
11 140
85 89
112 192
24 79
15 30
1 95
106 148
147 149
59 73
45 138
64 151
105 189
17 76
77 90
80 95
57 148
184 189
10 36
15 151
101 154
73 92
18 156
31 95
91 146
75 138
94 151
10 157
1 108
87 148
147 162
45 151
86 152
3 154
77 103
89 157
22 167
61 95
121 146
80 108
140 159
63 141
10 49
101 167
54 92
31 108
75 151
135 165
28 39
33 154
52 167
46 93
5 55
49 98
68 111
40 49
26 114
89 170
42 95
61 108
19 111
51 63
82 167
95 106
81 171
155 157
53 109
56 114
28 52
88 103
14 117
74 168
93 181
46 106
35 176
169 176
21 49
7 114
67 165
153 168
172 181
39 66
111 171
23 58
9 160
28 173
47 186
146 165
165 178
13 50
123 181
164 182
16 55
35 68
62 171
81 184
34 109
53 122
37 114
157 179
9 52
14 130
74 181
27 69
32 184
71 112
16 176
90 125
35 189
62 63
7 127
134 168
48 128
153 181
20 66
39 79
6 131
111 184
92 171
4 58
50 174
69 187
41 125
127 128
60 138
25 117
145 182
2 133
76 82
103 185
120 125
20 187
106 190
4 179
78 128
97 141
96 182
55 144
27 82
13 184
113 122
99 187
71 125
16 189
29 128
48 141
6 144
133 185
4 71
45 72
105 123
64 85
108 128
8 190
127 141
22 88
187 192
85 144
38 69
2 146
43 147
78 141
119 142
45 193
17 131
163 185
8 82
52 88
38 190
112 139
131 152
10 91
29 141
115 144
73 147
45 85
64 98
31 150
17 23
3 88
22 101
19 32
38 82
79 83
1 163
100 142
119 155
17 144
33 88
156 158
73 160
26 48
86 99
31 163
3 101
130 142
149 155
47 107
88 145
107 158
126 171
19 45
5 110
79 96
21 91
26 169
141 156
144 161
77 171
61 163
80 176
33 101
74 102
19 166
93 115
137 158
54 160
95 161
114 174
7 48
26 61
12 163
67 99
72 177
89 117
56 169
46 161
151 177
49 166
68 179
7 169
26 182
125 161
37 48
42 163
83 164
102 177
60 180
51 131
95 174
136 175
48 62
53 177
111 118
56 182
9 107
69 121
14 185
148 185
113 164
46 174
132 177
60 72
25 51
104 115
49 179
90 180
2 67
7 182
122 132
34 56
125 174
185 188
4 113
83 177
14 77
55 78
41 180
60 193
13 118
25 172
44 185
159 172
178 185
16 123
57 124
2 188
117 175
136 188
48 75
92 118
37 182
50 121
69 134
8 124
27 137
113 177
132 190
173 191
11 129
30 142
90 193
43 81
29 183
122 145
15 19
20 134
23 139
17 65
36 78
96 129
55 91
8 16
11 21
38 124
57 137
73 81
50 134
91 135
22 35
94 140
154 191
11 142
52 143
71 193
24 81
1 97
106 150
188 189
147 151
18 37
59 75
45 140
105 191
77 92
22 156
140 148
184 191
98 151
15 153
101 156
133 145
31 97
91 148
135 154
33 143
24 94
65 95
10 159
109 138
1 110
128 151
68 100
45 153
58 92
3 156
77 105
89 159
42 84
121 148
19 100
79 151
98 164
63 143
51 52
82 156
101 169
12 97
31 110
72 111
75 153
116 154
135 167
47 54
33 156
93 170
5 57
46 95
65 108
10 172
26 116
89 172
28 162
102 111
47 175
60 114
146 154
5 178
165 167
13 39
63 156
16 44
21 159
95 108
81 173
34 98
53 111
37 103
56 116
116 167
157 168
9 41
28 54
74 170
93 183
5 70
13 160
32 173
51 186
49 113
90 114
169 178
7 116
134 157
67 167
153 170
26 129
70 172
9 162
83 111
41 114
5 191
13 52
44 119
32 65
104 170
123 183
16 57
35 70
2 122
20 176
37 116
97 130
157 181
9 54
50 55
14 132
55 133
96 171
160 186
13 173
99 176
32 186
71 114
90 127
150 178
29 117
62 65
48 130
153 183
92 173
152 187
4 60
23 73
9 175
50 176
27 192
25 119
44 132
145 184
57 71
2 135
117 122
103 187
20 189
106 192
139 140
18 79
78 130
138 181
50 68
36 133
182 187
99 189
11 76
71 127
57 192
131 141
29 130
115 133
48 143
175 184
1 31
6 146
133 187
4 73
105 125
64 87
124 138
91 190
3 77
22 90
8 192
127 143
85 146
57 84
84 187
15 87
1 152
18 92
12 18
17 133
36 146
131 154
10 93
1 44
86 88
31 152
3 90
89 93
107 147
79 85
24 149
43 162
1 165
100 144
119 157
12 31
31 44
17 146
75 87
33 90
52 103
19 155
93 104
10 106
156 160
54 149
73 162
67 88
86 101
31 165
72 166
89 106
130 144
149 157
28 96
46 150
79 98
65 163
63 90
49 155
82 103
68 168
21 93
40 106
144 163
61 165
102 166
14 53
74 104
19 168
32 107
51 120
137 160
156 173
35 112
114 176
67 101
12 165
53 166
72 179
70 106
28 109
14 174
129 161
88 160
60 61
5 125
132 166
46 163
151 179
65 176
44 53
49 168
68 181
62 107
7 171
26 184
141 171
53 58
20 110
144 176
37 50
83 166
102 179
74 117
41 169
44 174
118 123
16 112
35 125
76 126
95 176
136 177
48 64
53 179
139 182
6 67
111 120
56 184
97 185
69 123
129 174
113 166
132 179
151 192
30 131
103 121
48 185
122 134
39 136
23 128
83 179
124 180
143 193
55 80
41 182
96 118
99 123
44 187
118 136
16 125
57 126
2 190
117 177
48 77
15 129
120 182
34 179
69 136
110 137
22 24
113 179
11 131
30 144
2 82
84 121
87 126
1 86
166 190
18 26
4 128
64 142
124 193
108 185
8 18
25 187
66 188
11 23
98 140
117 190
15 142
101 145
73 83
18 147
133 134
31 86
17 188
3 24
75 129
66 80
11 144
52 145
24 83
84 134
1 99
87 139
188 191
147 153
45 142
105 193
64 155
17 80
3 145
77 94
80 99
140 150
38 139
79 140
98 153
184 193
82 145
101 158
54 83
73 96
12 86
91 150
75 142
94 155
135 156
52 158
68 102
109 140
128 153
21 27
67 143
26 105
86 156
70 148
58 94
89 161
47 164
121 150
33 37
63 145
51 54
123 159
95 97
53 100
116 156
9 30
28 43
47 56
33 158
88 94
5 59
10 174
68 115
109 153
21 40
26 118
153 159
86 169
47 177
60 116
5 180
165 169
123 172
16 46
35 59
95 110
81 175
34 100
53 113
72 126
56 118
116 169
157 170
9 43
28 56
14 121
74 172
27 60
46 110
32 175
51 188
49 115
16 167
35 180
150 167
169 180
7 118
20 57
39 70
4 49
23 62
102 126
69 178
41 116
60 129
25 108
13 54
104 172
145 173
164 186
16 59
57 60
2 124
62 175
6 14
78 119
23 183
138 170
50 57
14 134
96 173
55 135
160 188
8 60
13 175
99 178
118 191
11 65
71 116
16 180
90 129
2 16
29 119
134 172
6 135
111 188
4 62
23 75
50 178
22 79
41 129
8 181
25 121
85 135
145 186
57 73
2 137
76 86
43 138
15 76
120 129
20 191
59 119
97 145
36 135
55 148
96 186
8 73
71 129
38 181
29 132
115 135
1 33
73 138
6 148
45 76
105 127
64 89
91 192
3 79
127 145
85 148
84 189
43 151
170 192
18 94
119 146
12 20
36 148
75 76
121 192
33 79
24 30
115 148
86 90
3 92
47 98
66 148
126 162
98 100
142 143
21 82
40 95
100 146
119 159
12 33
75 89
33 92
74 93
19 157
137 149
51 109
95 152
114 165
7 39
67 90
26 52
86 103
31 167
89 108
47 111
107 162
148 163
5 114
46 152
65 165
151 168
63 92
49 157
68 170
21 95
40 108
81 109
7 160
141 160
144 165
42 154
14 55
19 170
60 171
93 119
5 6
32 109
51 122
95 165
114 178
67 103
37 160
9 98
69 112
88 162
148 176
5 127
132 168
151 181
49 170
2 58
7 173
81 122
26 186
34 47
20 112
39 125
144 178
37 52
23 117
56 65
83 168
143 182
60 184
13 109
99 112
44 176
32 122
2 179
117 166
76 128
35 127
29 53
48 66
34 168
92 109
37 173
111 122
56 186
171 173
97 187
14 189
55 190
129 176
41 63
8 115
25 55
30 133
71 171
29 174
103 123
48 187
122 136
166 179
185 192
4 117
83 181
96 120
55 82
127 187
25 176
118 138
85 190
11 12
57 128
76 141
48 79
59 174
92 122
4 9
110 139
3 13
22 26
8 128
94 131
27 141
11 133
71 184
112 185
30 146
115 190
1 88
87 128
106 141
166 192
18 28
45 131
64 144
17 69
36 82
77 83
108 187
25 189
121 126
80 88
66 190
98 142
142 185
73 85
59 187
133 136
18 149
110 152
3 26
22 39
66 82
52 147
24 85
84 136
43 98
10 150
54 193
128 142
87 141
147 155
1 101
45 144
86 145
3 147
77 96
80 101
140 152
63 134
101 160
72 102
135 158
28 32
33 147
65 99
10 163
49 91
109 142
128 155
40 42
86 158
70 150
89 163
42 88
61 101
51 56
82 160
123 161
95 99
40 163
12 101
53 102
72 115
56 107
28 45
88 96
93 174
65 112
49 104
68 117
109 155
7 107
153 161
172 174
20 46
39 59
9 153
83 102
60 118
5 182
13 43
32 56
104 161
123 174
95 112
81 177
34 102
53 115
39 180
37 107
138 159
9 45
14 123
74 174
27 62
71 105
35 182
150 169
2 5
7 120
134 161
48 121
20 59
39 72
111 177
23 64
9 166
27 183
44 123
30 188
164 188
16 61
57 62
2 126
122 191
20 180
18 70
4 172
138 172
96 175
160 190
27 75
13 177
99 180
113 115
57 183
48 134
134 174
133 178
152 191
4 64
45 65
64 78
105 116
108 121
8 183
25 123
66 124
85 137
186 189
38 62
2 139
84 178
103 191
15 78
1 143
20 193
87 183
18 83
59 121
4 185
119 135
55 150
96 188
99 193
11 80
52 81
38 183
131 145
29 134
175 188
73 140
45 78
31 143
64 91
3 81
85 150
126 151
38 75
24 140
43 153
84 191
40 84
59 134
100 135
77 151
93 95
10 97
54 140
114 154
155 192
67 79
26 41
3 94
89 97
130 135
126 164
79 89
24 153
65 154
63 81
142 145
68 159
100 148
58 151
77 164
42 143
80 169
19 159
93 108
32 98
137 151
95 154
114 167
7 41
67 92
12 156
86 105
72 170
70 97
130 148
56 162
89 110
47 113
88 151
148 165
19 51
49 159
21 97
81 111
141 162
39 114
144 167
42 156
83 157
102 170
74 108
32 111
51 124
137 164
95 167
136 168
34 157
53 170
37 162
28 113
69 114
14 178
113 157
60 65
104 108
49 172
90 173
81 124
34 49
20 114
39 127
125 167
166 168
14 70
55 71
60 186
99 114
44 178
159 165
2 181
76 130
117 168
48 68
34 170
120 173
139 186
92 111
37 175
6 71
78 176
97 189
69 127
110 128
55 192
27 130
132 183
25 57
44 70
11 122
71 173
131 187
2 73
43 74
48 189
20 127
4 119
23 132
64 133
124 184
108 176
127 189
25 178
99 127
44 191
159 178
11 14
29 68
15 133
73 74
78 189
17 179
36 192
3 15
11 135
30 148
43 87
29 189
84 125
1 90
18 30
45 133
64 146
36 84
3 136
22 149
121 128
66 192
80 90
38 130
79 131
98 144
15 146
54 74
59 189
133 138
17 192
75 133
33 136
66 84
52 149
24 87
10 152
1 103
45 146
86 147
130 190
22 162
42 77
61 90
80 103
79 144
10 44
82 149
12 90
31 103
75 146
28 34
5 50
10 165
49 93
109 144
21 31
7 96
40 44
67 147
26 109
89 165
42 90
102 104
146 147
5 171
32 45
63 149
51 58
104 150
16 37
35 50
21 152
40 165
34 91
72 117
56 109
157 161
28 47
14 112
74 163
93 176
5 63
51 179
90 107
153 163
20 48
39 61
70 165
111 166
28 168
41 107
60 120
13 45
104 163
164 177
16 50
2 115
81 179
34 104
53 117
39 182
56 122
138 161
157 174
9 47
55 126
8 51
27 64
13 166
32 179
118 182
11 56
71 107
153 176
20 61
111 179
4 53
23 66
9 168
50 169
69 182
41 120
27 185
25 112
44 125
85 126
30 190
145 177
38 51
2 128
76 77
15 67
18 72
6 18
78 123
97 136
138 174
36 126
27 77
13 179
99 182
11 69
30 82
16 184
57 185
71 120
175 177
1 24
18 193
133 180
105 118
3 70
108 123
25 125
186 191
57 77
24 129
43 142
84 180
15 80
87 185
18 85
78 136
119 137
36 139
77 140
163 180
182 193
38 185
112 134
131 147
10 86
54 129
1 37
73 142
45 80
31 145
105 131
108 136
66 139
107 140
19 27
24 142
43 155
63 70
82 83
1 158
40 86
31 37
17 139
163 193
33 83
19 148
52 96
93 97
10 99
73 155
114 156
67 81
26 43
31 158
72 159
89 99
149 150
88 140
126 166
19 40
46 143
79 91
63 83
21 86
100 150
58 153
61 158
14 46
19 161
32 100
51 113
35 105
7 43
26 56
12 158
53 159
70 99
56 164
9 89
28 102
88 153
14 167
129 154
148 167
46 156
5 118
65 169
21 99
7 164
81 113
141 164
39 116
125 156
42 158
83 159
102 172
14 59
74 110
41 162
60 175
13 100
35 118
95 169
7 56
139 175
92 100
37 164
97 178
9 102
50 103
69 116
129 167
41 54
60 67
27 119
132 172
25 46
44 59
104 110
30 124
90 175
2 62
7 177
122 127
39 129
166 170
124 173
55 73
41 175
127 178
13 113
118 129
159 167
16 118
57 119
2 183
136 183
29 57
120 175
6 73
78 178
97 191
110 130
8 119
113 172
173 186
25 59
11 124
131 189
2 75
84 114
87 119
1 79
106 132
166 183
4 121
23 134
64 135
105 173
124 186
17 60
108 178
66 181
99 129
11 16
38 119
76 145
117 183
120 188
161 189
73 76
31 79
17 181
110 143
3 17
8 132
94 135
85 86
84 127
87 132
128 133
59 70
45 135
64 148
17 73
58 74
3 138
149 192
61 79
80 92
38 132
98 146
184 186
82 138
15 148
101 151
142 189
54 76
59 191
100 192
12 79
31 92
3 30
94 148
135 149
65 90
68 95
109 133
128 146
147 159
26 98
45 148
86 149
58 87
3 151
89 154
77 100
42 79
61 92
79 146
82 151
101 164
35 39
21 141
54 89
40 154
53 93
72 106
56 98
116 149
135 162
33 151
74 152
65 103
51 168
49 95
68 108
109 146
21 33
7 98
26 111
67 149
39 50
70 154
42 92
28 157
102 106
47 170
146 149
60 109
13 34
32 47
51 60
123 165
16 39
95 103
81 168
34 93
39 171
72 119
56 111
116 162
14 114
160 168
93 178
46 103
51 181
16 160
90 109
48 112
20 50
70 167
4 42
23 55
83 106
28 170
69 171
102 119
41 109
60 122
25 101
44 114
104 165
123 178
164 179
16 52
122 182
39 184
138 163
97 125
157 176
55 128
96 166
160 181
8 53
27 66
13 168
32 181
71 109
16 173
90 122
35 186
2 9
29 112
20 63
6 128
92 168
111 181
4 55
64 69
50 171
108 112
8 174
41 122
25 114
44 127
85 128
38 53
2 130
103 182
15 69
106 187
59 112
6 20
78 125
23 189
138 176
97 138
18 74
50 63
17 115
8 66
99 184
11 71
112 123
57 187
29 125
115 128
15 190
1 26
133 182
45 69
64 82
50 184
91 185
108 125
94 190
11 192
85 141
126 142
38 66
84 182
1 147
18 87
4 189
45 190
17 128
36 141
3 193
121 185
80 147
52 85
112 136
10 88
115 141
45 82
75 190
22 98
66 141
107 142
126 155
63 72
40 88
100 139
31 39
58 142
42 134
75 82
61 147
80 160
33 85
74 86
10 101
51 102
137 142
7 32
72 161
70 88
89 101
149 152
28 91
47 104
88 142
148 156
19 42
46 145
65 158
151 161
49 150
7 153
81 102
26 166
125 145
58 155
144 158
42 147
74 99
93 112
60 164
32 102
137 155
35 107
95 158
67 96
26 58
34 148
37 153
9 91
28 104
14 169
129 156
41 43
5 120
151 174
49 163
90 164
62 102
81 115
26 179
34 40
144 171
56 58
14 61
96 100
13 102
117 159
29 46
53 174
139 177
6 62
56 179
50 105
14 182
129 169
113 161
132 174
173 175
44 61
30 126
71 164
2 64
103 116
122 129
106 121
39 131
6 183
4 110
23 123
36 62
55 75
127 180
25 169
118 131
159 169
85 183
2 185
117 172
136 185
15 124
48 72
120 177
59 167
18 129
78 180
92 115
97 193
6 75
69 131
36 183
154 175
173 188
25 61
131 191
84 116
29 180
103 129
48 193
15 16
1 81
87 121
106 134
166 185
18 21
4 123
105 175
64 137
124 188
36 75
108 180
22 140
66 183
98 135
161 191
59 180
78 193
31 81
17 183
91 132
110 145
3 19
75 124
8 134
66 75
11 139
24 78
87 134
54 186
128 135
147 148
1 94
17 75
108 193
61 81
121 132
80 94
140 145
19 84
79 135
98 148
10 35
82 140
142 191
101 153
54 78
73 91
40 143
72 95
75 137
94 150
93 154
46 79
10 156
49 84
68 97
128 148
21 22
147 161
26 100
86 151
79 148
63 140
82 153
21 143
53 95
72 108
56 100
116 151
9 25
88 89
74 154
93 167
46 92
5 54
32 157
51 170
68 110
109 148
21 35
26 113
153 154
86 164
9 146
83 95
28 159
41 98
146 151
13 36
44 103
16 41
35 54
21 156
81 170
34 95
39 173
37 100
56 113
97 114
157 165
74 167
13 157
118 173
51 183
90 111
35 175
7 113
134 154
48 114
153 167
6 117
39 65
92 157
4 44
23 57
83 108
41 111
60 124
13 49
44 116
16 54
81 183
122 184
34 108
39 186
6 9
36 117
96 168
160 183
8 55
27 68
13 170
99 173
118 186
71 111
30 73
16 175
76 189
48 127
134 167
1 15
92 170
111 183
50 173
110 187
22 74
108 114
27 189
66 117
85 130
145 181
57 68
2 132
117 119
15 71
87 176
106 189
119 128
23 191
64 192
17 117
36 130
55 143
96 181
182 184
8 68
11 73
38 176
112 125
57 189
131 138
29 127
175 181
1 28
73 133
64 84
91 187
3 74
66 130
126 144
38 68
43 146
170 187
1 149
59 127
100 128
18 89
12 15
17 130
77 144
163 184
61 136
33 74
52 87
79 190
10 90
73 146
114 147
26 34
31 149
89 90
75 192
88 131
79 82
24 146
65 147
82 87
109 190
21 77
141 142
12 28
144 147
77 157
42 136
33 87
19 152
93 101
137 144
54 146
95 147
12 149
86 98
72 163
70 90
130 141
107 157
46 147
151 163
63 87
49 152
68 165
40 103
81 104
26 168
141 155
42 149
102 163
74 101
93 114
32 104
137 157
51 117
16 96
35 109
95 160
7 47
34 150
139 166
9 93
69 107
148 171
41 45
113 150
46 160
151 176
44 50
7 168
34 42
20 107
39 120
83 163
102 176
143 177
41 166
60 179
13 104
99 107
44 171
118 120
16 109
2 174
76 123
29 48
48 61
139 179
92 104
6 64
111 117
97 182
50 107
129 171
8 110
173 177
25 50
44 63
90 179
131 180
2 66
43 67
29 169
122 131
20 120
6 185
166 174
4 112
143 190
17 51
36 64
55 77
41 179
127 182
108 169
25 171
118 133
57 123
2 187
76 136
161 180
59 169
6 77
78 182
8 123
94 126
154 177
173 190
11 128
30 141
112 180
71 179
24 67
84 118
115 185
87 123
106 136
59 61
124 190
17 64
77 78
80 83
38 123
24 188
98 137
15 139
142 180
161 193
73 80
59 182
12 70
31 83
17 185
94 139
154 190
33 129
112 193
24 80
87 136
147 150
191 193
3 142
77 91
89 145
130 183
80 96
121 134
140 147
79 137
98 150
63 129
101 155
54 80
31 96
72 97
116 140
176 191
33 142
93 156
65 94
10 158
51 159
49 86
109 137
68 99
128 150
26 102
67 140
70 145
42 83
28 148
61 96
19 99
32 38
63 142
82 155
40 158
81 159
34 84
53 97
72 110
37 89
56 102
116 153
135 166
14 105
74 156
93 169
51 172
49 99
150 151
7 102
67 153
153 156
70 158
111 159
23 46
9 148
47 174
41 100
146 153
13 38
44 105
104 156
123 169
164 170
2 108
35 56
62 159
53 110
37 102
56 115
138 154
97 116
14 118
160 172
27 57
13 159
71 100
76 178
150 164
153 169
20 54
6 119
50 162
27 178
25 105
44 118
104 169
103 173
122 186
15 60
39 188
59 103
4 167
97 129
157 180
50 54
36 119
96 170
8 57
13 172
29 116
15 181
48 129
1 17
18 186
133 173
6 132
152 186
50 175
69 188
108 116
22 76
127 129
66 119
57 70
84 173
103 186
87 178
106 191
59 116
4 180
163 173
77 133
182 186
99 188
140 189
11 75
52 76
112 127
57 191
98 192
115 132
175 183
133 186
45 73
64 86
31 138
91 189
105 124
3 76
75 181
8 191
66 132
126 146
167 184
19 20
40 79
58 133
77 146
163 186
61 138
80 151
33 76
79 192
10 92
54 135
73 148
67 74
12 138
26 36
31 151
158 192
70 79
3 89
89 92
47 95
88 133
5 98
65 149
49 141
82 89
68 154
40 92
26 157
141 144
144 149
42 138
61 151
102 152
14 39
74 90
19 154
51 106
156 159
35 98
95 149
7 36
67 87
12 151
26 49
53 152
72 165
70 92
130 143
56 157
9 82
88 146
129 147
148 160
65 162
151 165
49 154
68 167
21 92
62 93
7 157
81 106
141 157
144 162
42 151
83 152
74 103
60 168
13 93
51 119
16 98
48 50
34 152
37 157
56 170
28 108
69 109
14 173
148 173
113 152
132 165
151 178
44 52
30 117
90 168
2 55
62 106
7 170
81 119
48 171
4 101
23 114
124 166
96 104
41 168
99 109
44 173
159 160
118 122
16 111
57 112
76 125
117 163
48 63
34 165
37 170
50 109
69 122
110 123
55 187
27 125
113 165
11 117
30 130
90 181
2 68
84 107
29 171
48 184
122 133
1 72
6 187
166 176
105 166
64 128
124 179
143 192
96 117
22 131
108 171
55 79
99 122
85 187
117 176
43 190
76 138
161 182
59 171
91 123
36 187
110 136
8 125
94 128
52 131
112 182
24 69
84 120
115 187
1 85
73 190
64 141
105 179
17 66
3 131
22 144
108 184
61 72
80 85
79 126
82 131
54 69
100 185
12 72
31 85
17 187
3 23
75 128
176 180
24 82
10 147
68 88
54 190
128 139
188 190
45 141
58 80
77 93
42 72
61 85
47 150
121 136
79 139
98 152
82 144
101 157
54 82
40 147
42 193
75 141
176 193
33 144
93 158
5 45
65 96
49 88
128 152
67 142
86 155
39 43
83 86
28 150
47 163
19 101
60 102
5 166
13 27
104 145
16 32
81 161
39 164
72 112
37 91
56 104
9 29
14 107
74 158
160 161
93 171
13 148
46 96
5 58
51 174
16 153
35 166
7 104
48 105
67 155
153 158
20 43
70 160
111 161
23 48
69 164
41 102
146 155
5 179
13 40
25 94
104 158
123 171
164 172
16 45
2 110
35 58
62 161
20 164
23 169
97 118
138 156
157 169
14 120
96 159
160 174
8 46
27 59
13 161
99 164
118 177
11 51
30 64
150 166
134 158
92 161
23 61
69 177
8 167
27 180
44 120
38 46
57 59
2 123
103 175
122 188
15 62
106 180
59 105
4 169
18 67
64 183
138 169
97 131
36 121
8 59
27 72
38 167
30 77
57 180
112 116
76 193
29 118
73 124
6 134
133 175
92 174
152 188
4 61
45 62
64 75
50 177
108 118
8 180
94 183
22 78
27 193
126 135
145 185
57 72
24 124
103 188
15 75
1 140
59 118
119 132
17 121
3 186
77 135
182 188
80 140
33 65
52 78
112 129
57 193
115 134
73 137
133 188
31 140
75 183
66 134
107 135
126 148
167 186
19 22
24 137
87 193
1 153
40 81
119 145
31 32
77 148
42 127
61 140
52 91
10 94
95 138
155 189
114 151
26 38
12 140
86 89
31 153
72 154
130 132
89 94
47 97
107 148
19 35
5 100
65 151
63 78
82 91
68 156
141 146
125 138
14 41
74 92
19 156
51 108
95 151
7 38
67 89
26 51
70 94
56 159
28 97
88 148
129 149
132 154
49 156
68 169
2 44
21 94
7 159
141 159
20 98
39 111
14 54
74 105
41 157
60 170
44 162
16 100
35 113
76 114
29 39
48 52
120 157
6 55
92 95
37 159
56 172
14 175
25 41
44 54
30 119
20 111
106 114
6 176
4 103
124 168
143 181
36 55
96 106
127 173
25 162
13 108
44 175
159 162
118 124
16 113
2 178
117 165
136 178
29 52
48 65
120 170
139 183
92 108
78 173
97 186
36 176
55 189
8 114
27 127
113 167
25 54
131 184
24 58
43 71
84 109
29 173
48 186
106 127
166 178
45 117
17 55
36 68
108 173
96 119
127 186
25 175
85 189
57 127
2 191
43 192
98 128
10 15
142 171
54 58
59 173
18 135
119 187
17 176
91 125
36 189
3 12
75 117
8 127
154 181
66 68
24 71
10 136
29 186
115 189
43 84
73 192
105 181
17 68
108 186
22 146
121 125
66 189
24 192
98 141
82 133
101 146
54 71
100 187
12 74
176 182
33 133
52 146
93 147
5 34
49 77
26 93
67 131
86 144
70 136
89 149
42 74
88 190
121 138
19 90
79 141
5 155
12 87
72 101
56 93
116 144
9 18
135 157
33 146
74 147
93 160
46 85
32 150
51 163
35 155
109 141
86 157
70 149
9 139
83 88
47 165
41 91
5 168
32 42
104 147
51 55
16 34
21 149
39 166
37 93
56 106
116 157
28 44
14 109
27 48
13 150
32 163
71 91
16 155
30 53
35 168
150 155
90 104
7 106
48 107
20 45
39 58
92 150
4 37
9 152
83 101
60 117
146 157
13 42
104 160
145 161
30 174
16 47
34 101
20 166
39 179
78 107
23 171
157 171
96 161
8 48
13 163
99 166
11 53
30 66
71 104
57 169
16 168
134 160
20 58
111 176
152 177
4 50
23 63
50 166
110 180
22 67
25 109
85 123
30 187
2 125
103 177
122 190
15 64
87 169
106 182
59 107
78 120
23 184
64 185
138 171
17 110
36 123
8 61
140 180
52 67
112 118
57 182
115 123
152 190
45 64
64 77
105 115
110 193
108 120
11 187
126 137
38 61
84 177
170 180
87 182
59 120
100 121
119 134
77 137
163 177
80 142
121 180
33 67
38 182
10 83
115 136
133 190
174 191
26 27
45 77
31 142
91 193
47 86
33 188
107 137
88 124
167 188
126 150
19 24
24 139
65 140
170 193
109 183
21 70
100 134
42 129
61 142
10 96
21 191
54 139
7 27
26 40
86 91
70 83
88 137
107 150
19 37
5 102
63 80
49 145
68 158
26 161
144 153
42 142
93 107
13 84
32 97
137 150
16 89
35 102
72 169
9 86
28 99
148 164
5 115
132 156
151 169
25 30
49 158
2 46
62 97
26 174
20 100
37 40
23 105
102 169
143 170
14 56
55 57
60 172
32 110
16 102
76 116
139 172
6 57
37 161
92 97
50 100
69 113
8 103
113 156
27 116
25 43
11 108
71 159
90 172
29 162
48 175
106 116
6 178
166 167
4 105
105 157
64 119
124 170
17 44
96 108
127 175
25 164
99 113
159 164
85 178
118 126
38 103
57 116
2 180
76 129
15 119
6 70
59 162
50 113
91 114
36 178
110 127
8 116
94 119
27 129
154 170
24 60
43 73
29 175
103 124
48 188
115 178
87 116
6 191
4 118
105 170
64 132
124 183
17 57
3 122
108 175
168 189
25 177
38 116
24 181
98 130
142 173
161 186
54 60
78 188
119 189
17 178
94 132
24 73
84 124
45 132
3 135
89 138
22 148
42 63
61 76
121 127
107 192
19 79
79 130
63 122
10 30
82 135
142 186
101 148
54 73
31 89
72 90
17 191
58 192
176 184
135 146
33 135
52 148
93 149
179 189
46 74
10 151
51 152
49 79
68 92
109 130
128 143
67 133
26 95
86 146
70 138
58 84
89 151
42 76
61 89
40 151
34 77
53 90
72 103
56 95
116 146
9 20
28 33
5 49
46 87
51 165
49 92
90 93
7 95
67 146
70 151
9 141
83 90
102 103
47 167
41 93
13 31
32 44
123 162
81 165
39 168
97 109
157 160
9 33
74 162
160 165
13 152
32 165
71 93
16 157
90 106
35 170
76 171
150 157
20 47
39 60
92 152
111 165
23 52
83 103
50 155
27 171
25 98
44 111
30 176
145 163
2 114
62 165
103 166
122 179
20 168
39 181
59 96
23 173
97 122
96 163
55 125
160 178
27 63
99 168
11 55
30 68
16 170
57 171
76 184
29 109
15 174
134 162
92 165
4 52
108 109
22 69
27 184
66 112
11 176
85 125
145 176
38 50
57 63
84 166
103 179
87 171
106 184
18 71
59 109
45 174
17 112
36 125
22 190
8 63
140 182
38 171
112 120
57 184
131 133
98 185
10 72
115 125
15 187
175 176
1 23
73 128
133 179
152 192
45 66
31 131
105 117
3 69
75 174
8 184
22 82
94 187
66 125
11 189
126 139
167 177
186 190
38 63
24 128
84 179
43 141
128 185
40 72
100 123
119 136
58 126
3 190
163 179
182 192
121 182
80 144
38 184
79 185
10 85
82 190
54 128
73 141
26 29
12 131
158 185
70 72
3 82
75 187
126 152
167 190
24 141
100 136
12 23
58 139
61 144
80 157
33 82
74 83
19 147
93 96
63 190
51 99
35 91
21 193
26 42
70 85
130 136
89 98
56 150
9 75
88 139
129 140
46 142
65 155
63 82
68 160
62 86
7 150
81 99
26 163
141 150
144 155
42 144
83 145
102 158
14 45
19 160
13 86
32 99
51 112
136 156
72 171
37 150
9 88
14 166
129 153
27 105
44 45
30 110
90 161
62 99
7 163
4 94
37 42
23 107
143 172
96 97
44 166
16 104
2 169
117 156
136 169
29 43
48 56
120 161
139 174
92 99
37 163
111 112
50 102
69 115
110 116
55 180
27 118
30 123
90 174
43 62
29 164
87 105
20 115
4 107
23 120
22 124
41 174
127 177
96 110
55 72
44 179
2 182
117 169
76 131
29 56
120 174
161 175
59 164
50 115
91 116
36 180
55 193
8 118
94 121
11 123
71 174
131 188
24 62
84 113
29 177
73 183
64 134
105 172
17 59
58 60
22 137
108 177
168 191
61 65
66 180
10 19
101 137
54 62
73 75
18 139
31 78
17 180
91 129
36 193
33 124
24 75
65 76
115 193
68 81
128 132
45 134
86 135
58 73
3 137
89 140
149 191
47 143
121 129
66 193
80 91
19 81
98 145
82 137
54 75
40 140
12 78
72 92
42 186
116 135
75 134
33 137
74 138
65 89
51 154
68 94
109 132
128 145
67 135
70 140
130 191
47 156
19 94
60 95
5 159
32 33
63 137
104 138
123 151
21 140
81 154
34 79
53 92
72 105
37 84
56 97
116 148
9 22
28 35
14 100
74 151
93 164
46 89
5 51
51 167
16 146
90 95
7 97
134 138
39 49
111 154
9 143
83 92
41 95
146 148
44 100
32 46
104 151
123 164
164 165
16 38
2 103
35 51
62 154
81 167
122 168
39 170
56 110
138 149
23 162
97 111
8 39
27 52
13 154
99 157
118 170
11 44
30 57
71 95
90 108
35 172
76 173
134 151
48 111
20 49
92 154
6 114
111 167
9 156
8 160
41 108
25 100
44 113
85 114
30 178
2 116
103 168
122 181
15 55
20 170
106 173
18 60
4 162
23 175
138 162
97 124
8 52
27 65
99 170
118 183
11 57
38 160
71 108
57 173
76 186
29 111
48 124
18 181
6 127
133 168
92 167
45 55
64 68
91 171
110 184
108 111
8 173
85 127
30 191
24 117
103 181
15 68
106 186
147 187
17 114
36 127
163 168
80 133
140 184
52 71
38 173
98 187
54 117
73 130
174 182
31 133
91 184
177 187
22 84
75 176
33 179
52 192
126 141
167 179
24 130
170 184
1 146
128 187
87 186
45 189
86 190
17 127
58 128
61 133
121 184
33 71
19 136
79 187
63 179
51 88
82 192
155 182
26 31
31 146
158 187
72 147
116 190
47 90
33 192
107 141
88 128
19 28
63 71
109 187
81 88
26 152
67 190
42 133
61 146
14 34
19 149
32 88
137 141
95 144
114 157
26 44
70 87
28 90
14 155
129 142
47 103
5 106
46 144
151 160
49 149
21 87
7 152
81 101
26 165
125 144
41 150
83 147
102 160
74 98
60 163
