200 9403
44 155
16 93
35 106
95 157
53 160
6 48
37 152
56 165
9 90
69 104
14 168
44 47
30 112
90 163
39 117
6 169
23 109
143 174
36 48
96 99
41 163
13 101
44 168
2 171
117 158
15 110
34 160
139 176
18 115
6 61
78 166
97 179
50 104
110 118
55 182
8 107
154 161
71 163
29 166
103 115
48 179
122 128
6 182
64 123
105 161
124 174
17 48
36 61
96 112
25 168
66 169
38 107
57 120
43 185
101 126
161 177
78 179
119 180
31 67
36 182
110 131
55 195
3 5
75 110
8 120
94 123
11 125
1 80
105 174
31 188
17 61
58 62
108 179
61 67
66 182
85 195
79 121
10 21
82 126
142 177
161 190
54 64
73 77
40 129
100 180
31 80
77 196
75 123
94 136
61 188
52 139
115 195
156 196
54 185
128 134
67 124
12 188
70 129
3 139
89 142
42 67
61 80
47 145
80 93
121 131
82 139
123 140
142 190
40 142
141 194
72 94
58 196
42 188
9 11
176 188
33 139
74 140
93 153
137 196
51 156
49 83
54 198
95 199
171 194
42 80
28 145
47 158
13 22
123 153
16 27
21 142
81 156
53 94
39 159
9 24
14 102
32 156
51 169
30 46
16 148
35 161
134 140
20 38
92 143
39 51
111 156
83 94
13 35
44 102
104 153
145 154
2 105
62 156
81 169
122 170
34 94
37 99
78 100
160 169
8 41
27 54
13 156
99 159
118 172
16 161
29 100
134 153
20 51
152 170
4 43
23 56
69 172
8 162
41 110
27 175
25 102
11 167
85 116
84 157
103 170
122 183
87 162
20 172
106 175
59 100
18 62
138 164
55 129
99 172
140 173
11 59
52 60
38 162
57 175
76 188
115 116
15 178
18 183
6 129
152 183
64 70
91 173
3 60
108 113
94 178
85 129
38 54
84 170
170 173
43 132
15 70
147 189
17 116
163 170
22 194
182 183
121 173
33 60
52 73
38 175
98 189
54 119
73 132
133 183
12 122
91 186
3 73
75 178
47 79
66 129
107 130
33 181
126 143
186 194
170 186
189 199
1 148
128 189
40 76
86 192
119 140
12 14
42 122
61 135
121 186
162 187
181 200
79 189
10 89
51 90
82 194
40 197
114 146
155 184
7 20
174 197
26 33
158 189
70 76
75 191
116 192
33 194
107 143
19 30
5 95
65 146
68 151
109 189
7 141
81 90
67 192
40 89
39 93
70 197
144 146
42 135
102 149
14 36
74 87
19 151
60 152
13 77
51 103
16 82
35 95
21 197
95 146
26 46
67 84
34 136
72 162
37 141
70 89
9 79
69 93
14 157
129 144
88 143
46 146
132 149
192 200
2 39
81 103
26 167
39 106
125 146
144 159
9 200
102 162
32 103
35 108
117 147
76 109
139 165
56 167
9 92
50 93
69 106
14 170
129 157
8 96
113 149
27 109
132 162
44 49
30 114
71 152
2 52
103 104
106 109
6 171
4 98
64 112
83 162
124 163
143 176
36 50
55 63
41 165
25 157
38 96
57 109
2 173
120 165
139 178
6 63
92 103
78 168
18 117
59 155
50 106
36 171
55 184
8 109
113 162
11 114
131 179
24 53
43 66
29 168
115 171
48 181
87 109
1 69
106 122
4 111
3 115
22 128
127 181
85 184
38 109
98 123
101 128
1 190
161 179
142 166
59 168
119 182
31 69
17 171
91 120
77 185
3 7
75 112
94 125
154 176
112 179
84 117
115 184
87 122
1 82
73 187
105 176
31 190
58 64
3 128
89 131
149 182
168 195
80 82
107 185
19 72
79 123
24 187
98 136
43 200
63 115
100 182
119 195
12 69
72 83
77 198
61 190
135 139
33 128
52 141
179 182
93 142
10 144
137 185
109 123
54 187
68 85
26 88
12 190
70 131
58 77
149 195
190 196
42 69
47 147
46 188
82 141
141 196
56 88
42 190
9 13
135 152
93 155
46 80
5 42
51 158
137 198
21 23
7 88
67 139
26 101
130 195
23 32
9 134
88 198
5 163
123 155
21 144
62 145
81 158
34 83
53 96
37 88
56 101
138 140
74 155
27 43
13 145
35 163
7 101
48 102
153 155
20 40
6 105
39 53
111 158
92 145
4 32
50 148
83 96
41 99
13 37
164 169
16 42
103 159
122 172
15 46
34 96
20 161
39 174
23 166
36 105
55 118
8 43
13 158
99 161
118 174
11 48
30 61
76 177
1 3
92 158
6 118
133 159
4 45
45 46
69 174
110 175
27 177
30 182
38 43
43 121
103 172
15 59
1 124
87 164
78 115
23 179
64 180
17 105
8 56
52 62
57 177
76 190
10 65
15 180
18 185
133 172
152 185
45 59
105 110
64 72
110 188
3 62
108 115
8 177
22 75
66 118
52 183
126 132
167 170
85 131
38 56
84 172
87 177
128 178
100 116
64 193
58 119
22 196
182 185
61 124
80 137
140 188
52 75
10 78
82 183
115 131
73 134
18 198
193 199
31 137
91 188
177 191
75 180
33 183
10 199
170 188
109 178
128 191
21 65
40 78
100 129
26 143
58 132
3 196
89 199
165 194
32 79
82 196
35 84
54 134
95 135
40 199
155 186
114 148
67 73
12 137
53 138
72 151
70 78
116 194
9 68
28 81
88 132
65 148
49 140
21 78
62 79
7 143
81 92
26 156
141 143
125 135
70 199
39 95
144 148
42 137
14 38
19 153
60 154
13 79
32 92
63 196
51 105
16 84
35 97
21 199
180 192
72 164
139 154
37 143
56 156
129 146
46 148
132 151
151 164
2 41
62 92
7 156
81 105
20 95
125 148
39 108
4 87
143 165
14 51
41 154
60 167
13 92
44 159
16 97
2 162
76 111
29 36
34 151
6 52
37 156
78 157
97 170
50 95
55 173
27 111
113 151
71 154
43 55
29 157
103 106
84 93
20 108
106 111
23 113
124 165
17 39
36 52
96 103
25 159
99 108
44 172
57 111
117 162
76 124
29 49
15 114
59 157
18 119
6 65
97 183
17 160
91 109
110 122
55 186
8 111
154 165
173 178
11 116
71 167
112 168
84 106
103 119
1 71
45 114
36 65
3 117
22 130
108 170
127 183
66 173
85 186
38 111
98 125
10 12
142 168
1 192
101 130
161 181
18 132
119 184
31 71
91 122
77 187
3 9
75 114
94 127
52 130
112 181
156 187
109 112
54 176
12 179
58 66
130 171
22 143
149 184
77 79
168 197
80 84
121 122
107 187
66 186
126 200
24 189
98 138
142 181
101 143
21 120
54 68
40 133
119 197
42 179
75 127
135 141
93 144
5 31
65 82
137 187
156 200
49 74
7 77
67 128
26 90
12 192
89 146
130 184
149 197
42 71
19 87
60 88
46 190
5 152
63 130
104 131
49 195
16 18
81 147
141 198
42 192
116 141
14 93
74 144
179 197
93 157
46 82
32 147
51 160
7 90
26 103
34 193
20 29
111 147
171 198
83 85
28 149
88 200
41 88
5 165
13 26
32 39
123 157
35 44
62 147
34 85
20 150
39 163
9 28
55 107
27 45
13 147
118 163
11 37
71 88
16 152
35 165
76 166
150 152
134 144
48 104
153 157
20 42
92 147
4 34
23 47
50 150
41 101
27 166
25 93
164 171
2 109
103 161
106 166
39 176
18 53
23 168
97 117
96 158
8 45
99 163
71 101
57 166
76 179
15 169
48 117
6 120
133 161
92 160
152 174
69 176
22 64
8 166
27 179
11 171
145 171
57 58
84 161
15 61
1 126
87 166
106 179
64 182
22 185
121 164
80 126
140 177
33 51
112 115
98 180
101 185
1 18
73 123
133 174
45 61
91 177
110 190
22 77
108 117
75 169
66 120
107 121
126 134
24 123
10 188
128 180
147 193
64 195
17 120
3 185
77 134
163 174
22 198
80 139
181 191
79 180
98 193
82 185
54 123
40 188
114 137
174 188
31 139
75 182
88 121
33 185
52 198
126 147
5 86
65 137
170 190
63 64
109 180
68 142
128 193
21 67
26 145
86 196
70 188
3 198
58 134
102 140
162 191
14 27
19 142
35 86
21 188
95 137
155 188
114 150
7 24
67 75
53 140
72 153
158 193
70 80
14 148
33 198
46 137
132 140
65 150
151 153
49 142
68 155
150 194
7 145
153 199
20 84
125 137
9 191
83 140
74 91
60 156
16 86
34 140
53 153
180 194
9 83
50 84
14 161
129 148
27 100
30 105
71 143
90 156
62 94
7 158
134 199
6 162
39 110
4 89
124 154
143 167
41 156
60 169
25 148
13 94
44 161
16 99
2 164
48 51
92 94
69 110
110 111
36 162
55 175
8 100
71 156
30 118
43 57
29 159
48 172
4 102
105 154
17 41
55 67
108 159
99 110
85 175
38 100
57 113
2 177
117 164
120 169
18 121
59 159
91 111
36 175
75 103
94 116
154 167
173 180
112 170
24 57
84 108
43 70
29 172
87 113
73 178
105 167
31 181
17 54
3 119
22 132
149 173
66 175
126 189
38 113
98 127
101 132
142 170
54 57
31 73
17 175
3 11
61 181
94 129
33 119
52 132
65 71
68 76
67 117
86 130
130 173
149 186
80 86
47 138
121 124
19 76
79 127
63 119
68 197
54 70
40 135
100 186
12 73
53 74
58 189
144 192
42 181
116 130
74 133
19 197
179 186
93 146
198 199
46 71
49 76
95 192
12 194
70 135
171 187
190 200
19 89
60 90
5 154
16 20
21 135
7 200
81 149
141 200
34 74
53 87
125 192
72 100
56 92
116 143
9 17
27 34
46 84
30 39
48 93
20 31
37 200
111 149
4 23
23 36
83 87
28 151
41 90
104 146
145 147
16 33
81 162
20 152
78 93
13 149
30 52
16 154
76 168
29 93
48 106
134 146
92 149
6 109
152 163
23 49
41 103
27 168
11 160
30 173
2 111
122 176
15 50
106 168
59 93
4 157
78 106
23 170
64 171
18 55
36 109
55 122
96 160
8 47
99 165
118 178
11 52
71 103
38 155
57 168
76 181
1 7
18 176
91 166
110 179
22 66
94 171
66 109
11 173
24 112
103 176
147 182
59 106
18 68
100 107
4 170
119 120
3 174
77 123
22 187
36 122
33 53
52 66
38 168
112 117
57 181
15 184
101 187
133 176
174 177
12 115
45 63
91 179
177 182
110 192
3 66
75 171
94 184
167 174
126 136
186 187
24 125
65 126
68 131
40 69
100 120
45 184
119 133
58 123
89 190
42 115
33 66
63 174
10 82
101 200
40 190
114 139
174 190
7 13
72 142
158 182
177 195
75 184
28 72
33 187
107 136
19 23
5 88
109 182
128 195
7 134
40 82
26 147
67 185
86 198
70 190
61 141
102 142
162 193
74 80
19 144
60 145
146 185
165 198
32 83
63 187
82 200
21 190
95 139
155 190
34 129
67 77
26 39
72 155
70 82
116 198
28 85
129 137
148 150
5 101
46 139
132 142
192 193
151 155
90 145
81 96
141 147
39 99
125 139
23 91
83 142
143 156
14 42
41 145
32 96
16 88
2 153
76 102
117 140
136 153
120 145
6 43
37 147
56 160
138 199
97 161
50 86
69 99
90 158
48 161
20 99
6 164
4 91
23 104
83 155
127 161
38 89
2 166
76 115
117 153
6 56
78 161
97 174
110 113
113 155
27 115
71 158
112 159
131 172
84 97
29 161
103 110
115 164
87 102
6 177
4 104
45 105
64 118
17 43
127 174
168 175
25 163
66 164
85 177
38 102
24 167
98 116
43 180
18 123
119 175
31 62
17 164
91 113
36 177
77 178
110 126
10 124
43 72
54 167
87 115
45 118
3 121
22 134
149 175
61 62
126 191
19 65
82 121
101 134
1 196
54 59
100 175
119 188
12 62
31 75
72 76
58 178
77 191
75 118
33 121
46 60
5 22
10 137
137 178
156 191
109 116
68 78
128 129
26 81
31 196
58 70
3 134
89 137
70 124
149 188
88 178
5 143
49 186
123 135
82 134
183 186
40 137
100 188
141 189
53 76
42 183
116 132
61 196
176 183
14 84
74 135
32 138
137 191
49 78
109 129
68 91
70 137
130 188
171 189
89 150
23 25
42 75
47 153
129 192
88 191
41 79
60 92
5 156
104 135
49 199
21 137
34 76
39 154
37 81
42 196
32 151
159 192
118 154
51 164
30 41
90 92
35 156
34 197
20 33
39 46
6 98
111 151
69 154
113 197
27 157
25 84
13 30
44 97
104 148
145 149
4 146
78 95
23 159
138 146
36 98
8 36
118 167
30 54
71 92
57 157
90 105
76 170
29 95
6 111
4 38
110 168
66 98
30 175
145 162
2 113
15 52
1 117
18 57
78 108
23 172
64 173
17 98
96 162
22 176
55 124
140 168
11 54
52 55
38 157
57 170
76 183
73 114
18 178
45 52
31 117
91 168
3 55
22 68
85 124
84 165
103 178
1 130
100 109
45 173
17 111
163 165
22 189
77 125
61 117
33 55
52 68
38 170
112 119
98 184
101 189
73 127
114 128
174 179
75 173
135 187
88 112
33 176
107 125
52 189
126 138
167 176
24 127
189 194
109 171
147 197
45 186
86 187
58 125
3 189
77 138
61 130
47 195
181 195
33 68
10 84
51 85
82 189
54 127
95 128
114 141
12 130
53 131
72 144
158 184
177 197
135 200
28 74
88 125
74 190
5 90
63 68
68 146
21 71
7 136
81 85
26 149
67 187
70 192
42 130
83 131
162 195
14 31
74 82
19 146
146 187
13 72
32 85
104 190
51 98
137 138
16 77
21 192
139 147
158 197
72 157
37 136
9 74
28 87
132 144
151 157
192 195
16 198
49 146
48 150
67 200
20 88
39 101
23 93
9 195
102 157
14 44
13 85
25 139
117 142
180 198
6 45
78 150
97 163
69 101
55 166
129 152
8 91
132 157
11 96
71 147
30 109
90 160
2 47
48 163
20 101
23 106
124 158
143 171
41 160
127 163
25 152
99 101
44 165
85 166
57 104
117 155
76 117
29 42
97 176
36 166
55 179
8 104
94 107
27 117
154 158
71 160
112 161
131 174
43 61
29 163
103 112
115 166
87 104
1 64
106 117
73 169
6 179
4 106
64 120
124 171
3 110
22 123
108 163
168 177
38 104
57 117
15 120
142 161
1 185
18 125
59 163
119 177
91 115
77 180
75 107
94 120
154 171
33 110
52 123
112 174
10 126
115 179
156 180
54 169
1 77
73 182
86 121
3 123
89 126
130 164
168 190
42 51
66 179
19 67
24 182
63 110
82 123
1 198
54 61
40 126
119 190
12 64
77 193
75 120
42 172
19 188
52 136
46 62
5 24
10 139
51 140
137 180
156 193
109 118
54 182
68 80
95 183
67 121
12 185
86 134
72 199
58 72
149 190
190 191
42 64
28 129
61 77
47 142
107 193
148 194
19 80
60 81
46 183
63 123
49 188
123 137
40 139
81 140
141 191
72 91
58 193
144 196
37 70
42 185
61 198
176 185
102 199
93 150
46 75
51 153
35 145
34 186
67 134
53 199
20 22
111 140
9 129
28 142
5 158
44 86
104 137
16 24
62 140
34 78
39 156
37 83
23 148
83 199
14 99
55 100
27 38
13 140
32 153
30 43
90 94
35 158
29 84
6 100
92 140
23 40
50 143
83 91
41 94
27 159
145 151
15 41
20 156
39 169
18 46
4 148
59 84
55 113
160 166
8 38
27 51
30 56
16 158
71 94
29 97
6 113
92 153
133 154
152 167
4 40
110 170
22 57
66 100
11 164
145 164
122 180
15 54
1 119
4 161
45 162
78 110
64 175
17 100
36 113
96 164
140 170
38 159
57 172
98 173
15 175
101 178
73 116
45 54
31 119
91 170
110 183
3 57
108 110
94 175
66 113
11 177
52 178
126 127
10 181
87 172
147 186
40 60
100 111
45 175
119 124
17 113
163 167
80 132
140 183
181 184
52 70
19 122
79 173
98 186
82 178
54 116
40 181
174 181
193 194
12 119
31 132
72 133
158 173
75 175
47 76
88 114
126 140
167 178
5 79
65 130
109 173
68 135
21 60
147 199
67 176
26 138
86 189
70 181
58 127
42 119
102 133
47 197
181 197
14 20
79 186
32 74
123 192
35 79
95 130
114 143
155 181
7 17
12 132
9 63
46 130
132 133
5 92
65 143
49 135
109 186
68 148
169 200
21 73
62 74
7 138
81 87
67 189
70 194
74 84
41 136
63 191
51 100
104 192
16 79
21 194
62 195
136 144
7 30
180 187
56 151
97 152
9 76
129 141
27 93
13 195
132 146
151 159
71 136
16 200
150 200
7 151
48 152
134 192
81 100
20 90
92 195
4 82
23 95
143 160
13 87
44 154
136 157
34 146
139 162
6 47
37 151
78 152
97 165
69 103
113 146
27 106
30 111
71 149
48 165
20 103
23 108
124 160
17 34
143 173
36 47
55 60
96 98
127 165
99 103
66 155
43 171
29 44
15 109
161 163
78 165
119 166
31 53
17 155
91 104
36 168
110 117
55 181
8 106
154 160
11 111
52 112
24 50
43 63
29 165
106 119
105 160
108 165
22 125
66 168
85 181
126 182
38 106
79 107
24 171
43 184
15 122
142 163
100 166
17 168
91 117
77 182
3 4
75 109
94 122
112 176
24 63
115 181
54 171
73 184
45 122
31 187
3 125
89 128
149 179
61 66
107 182
19 69
79 120
63 112
82 125
1 200
54 63
141 180
144 185
56 72
116 123
135 136
80 200
33 125
74 126
19 190
51 142
49 69
68 82
109 120
95 185
12 187
70 128
130 179
190 193
42 66
47 144
88 182
5 147
63 125
104 126
123 139
183 190
21 128
141 193
34 67
39 145
37 72
42 187
116 136
9 10
13 129
5 39
46 77
32 142
178 196
16 134
35 147
95 198
34 188
67 136
20 24
70 141
171 193
69 145
60 96
5 160
44 88
104 139
123 152
62 142
122 156
34 80
39 158
78 86
97 99
96 140
27 40
13 142
118 158
71 83
30 45
90 96
35 160
76 161
16 147
20 37
92 142
4 29
23 42
50 145
69 158
27 161
11 153
44 101
30 166
145 153
164 166
2 104
103 156
122 169
15 43
20 158
4 150
23 163
96 153
27 53
99 158
30 58
38 148
57 161
76 174
6 115
50 158
91 159
22 59
66 102
11 166
85 115
30 179
145 166
24 105
84 156
103 169
15 56
1 121
147 175
4 163
3 167
77 116
22 180
121 159
33 46
52 59
38 161
57 174
98 175
18 182
12 108
31 121
94 177
33 167
107 116
126 129
10 183
170 172
84 169
128 175
147 188
119 126
3 180
163 169
77 129
61 121
121 172
140 185
33 59
79 175
63 167
82 180
95 119
114 132
31 134
72 135
116 178
135 191
88 116
33 180
47 78
10 196
128 188
21 62
26 140
67 178
86 191
58 129
70 183
42 121
162 186
14 22
19 137
79 188
32 76
63 180
51 89
123 194
21 183
95 132
40 196
67 70
53 135
37 127
56 140
116 191
9 65
88 129
129 130
74 194
46 132
132 135
49 137
150 189
2 25
62 76
81 89
67 191
125 132
70 196
111 197
143 149
41 138
60 151
13 76
44 143
32 89
76 95
62 197
136 146
34 135
53 148
139 151
180 189
56 153
97 154
9 78
50 79
129 143
113 135
27 95
192 199
30 100
90 151
62 89
48 154
134 194
4 84
23 97
83 148
50 200
124 149
143 162
13 89
44 156
16 94
57 95
2 159
117 146
136 159
29 33
139 164
6 49
55 170
71 151
112 152
30 113
43 52
115 157
48 167
1 55
87 95
4 97
45 98
124 162
22 114
38 95
57 108
2 172
43 173
98 109
15 111
142 152
1 176
161 165
101 114
59 154
31 55
17 157
91 106
36 170
55 183
52 114
112 165
24 52
10 117
1 68
105 162
3 114
22 127
19 58
100 168
119 181
31 68
58 171
91 119
77 184
65 66
49 58
68 71
26 74
12 176
86 125
58 63
89 130
149 181
88 171
126 197
5 136
24 186
63 114
21 117
26 195
12 68
53 69
72 82
58 184
144 187
77 197
56 74
61 189
135 138
93 141
46 66
5 28
156 197
49 71
35 136
68 84
114 200
7 74
12 189
86 138
89 143
171 182
130 181
190 195
56 195
28 133
88 184
46 187
5 149
65 200
44 77
63 127
49 192
7 195
141 195
53 82
125 187
144 200
37 74
56 87
9 12
14 90
74 141
32 144
159 185
51 157
178 198
71 72
95 200
7 87
20 26
92 131
37 195
4 18
171 195
23 31
9 133
28 146
69 147
113 190
27 150
60 98
13 23
104 141
16 28
2 93
81 157
34 82
4 139
37 87
23 152
138 139
36 91
8 29
13 144
118 160
71 85
30 47
16 149
76 163
134 141
48 101
92 144
6 104
111 157
152 158
50 147
69 160
110 161
8 150
27 163
25 90
66 91
30 168
164 168
84 145
103 158
106 163
17 91
96 155
55 117
8 42
99 160
140 161
38 150
29 101
15 166
1 2
133 158
152 171
110 174
3 48
22 61
94 166
85 117
38 42
24 107
43 120
84 158
87 163
147 177
100 102
64 179
17 104
3 169
22 182
61 110
121 161
140 174
52 61
98 177
10 64
82 169
18 184
31 123
3 61
135 180
88 105
33 169
107 118
167 169
24 120
65 121
109 164
68 126
21 51
40 64
86 180
58 118
3 182
42 110
61 123
80 136
47 188
121 174
33 61
63 169
10 77
51 78
82 182
101 195
54 120
21 172
95 121
12 123
72 137
177 190
116 180
28 67
33 182
74 183
46 121
65 134
51 199
109 177
68 139
128 190
169 191
26 142
86 193
70 185
28 188
162 188
19 139
165 193
13 65
32 78
104 183
21 185
95 134
34 124
70 77
74 196
160 199
113 124
5 96
46 134
32 199
132 137
81 91
26 155
153 196
70 198
111 199
23 86
9 188
83 137
102 150
143 151
14 37
146 193
32 91
16 83
62 199
34 137
120 140
37 142
56 155
138 194
69 94
14 158
55 159
132 150
11 89
90 153
29 143
62 91
48 156
20 94
64 100
41 153
127 156
44 158
85 159
2 161
76 110
15 100
120 153
78 156
97 169
50 94
55 172
94 100
11 102
112 154
131 167
24 41
84 92
29 156
106 110
6 172
45 100
105 151
64 113
124 164
17 38
3 103
22 116
127 169
168 170
66 159
57 110
1 178
59 156
119 170
17 159
91 108
33 103
52 116
112 167
84 105
87 110
54 162
42 44
66 172
107 173
126 186
19 60
79 111
63 103
10 11
82 116
101 129
40 119
100 170
12 57
31 70
17 172
77 186
33 116
93 130
5 17
65 68
51 133
156 186
109 111
7 63
67 114
12 178
26 76
86 127
72 192
130 170
89 132
42 57
61 70
88 173
126 199
19 73
5 138
65 189
123 130
68 194
21 119
40 132
81 133
34 58
56 76
102 192
46 68
32 133
137 186
49 73
35 138
95 189
7 76
67 127
12 191
70 132
56 197
171 184
9 122
88 186
129 187
60 87
5 151
21 132
62 133
81 146
141 197
34 71
20 136
53 84
9 14
14 92
74 143
41 195
27 31
32 146
159 187
16 138
48 90
34 192
92 133
39 41
111 146
4 20
9 135
50 136
25 79
44 92
85 93
30 157
62 146
122 160
15 34
20 149
55 106
96 144
8 31
25 200
99 149
118 162
11 36
76 165
29 90
48 103
18 160
92 146
6 106
133 147
4 33
50 149
110 163
25 92
66 93
30 170
145 157
84 147
43 109
103 160
122 173
15 47
18 52
59 90
17 93
22 171
8 44
11 49
101 171
18 173
133 160
31 112
91 163
110 176
22 63
52 171
84 160
1 125
128 166
87 165
40 53
3 171
22 184
61 112
80 125
140 176
38 165
79 166
98 179
82 171
101 184
54 109
73 122
155 161
114 123
40 174
12 112
31 125
75 168
88 107
47 69
107 120
52 184
93 185
65 123
10 187
68 128
147 192
26 131
86 182
70 174
3 184
58 120
42 112
61 125
121 176
162 177
181 190
19 128
63 171
51 80
82 184
123 185
35 72
21 174
95 123
40 187
155 174
114 136
72 139
177 192
116 182
135 195
88 120
47 82
74 185
33 184
46 123
5 85
65 136
49 128
150 180
169 193
62 67
7 131
26 144
172 198
70 187
89 200
9 177
83 126
42 125
162 190
19 141
60 142
146 182
13 67
32 80
104 185
123 198
16 72
21 187
136 137
53 139
6 27
157 196
9 69
129 134
27 86
16 193
150 193
2 29
62 80
81 93
48 145
153 198
125 136
4 75
146 195
13 80
44 147
16 85
57 86
2 150
117 137
76 99
120 142
180 193
6 40
37 144
78 145
69 96
96 199
55 161
25 26
11 91
71 142
30 104
90 155
2 42
23 101
17 27
36 40
108 145
44 160
57 99
29 37
120 155
59 145
78 158
31 46
91 97
36 161
55 174
8 99
94 102
11 104
112 156
131 169
24 43
84 94
43 56
103 107
87 99
6 174
105 153
168 172
85 174
79 100
98 113
43 177
82 105
15 115
101 118
18 120
100 159
119 172
17 161
91 110
75 102
94 115
52 118
10 121
73 177
12 167
31 180
130 159
89 121
149 172
107 175
126 188
24 177
10 13
63 105
1 193
21 108
54 56
100 172
119 185
53 60
58 175
80 193
33 118
74 119
46 57
10 134
51 135
137 175
156 188
54 177
95 178
114 191
86 129
31 193
42 59
28 124
88 175
148 189
5 140
65 191
151 194
63 118
49 183
21 121
7 186
81 135
26 199
141 186
40 134
34 60
72 86
125 178
144 191
56 78
42 180
102 194
14 81
19 196
60 197
13 122
46 70
5 32
32 135
51 148
137 188
49 75
35 140
95 191
7 78
67 129
53 194
37 186
111 135
171 186
190 199
88 188
46 191
25 68
123 145
90 197
16 19
2 84
7 199
81 148
34 73
39 151
125 191
78 79
23 143
9 16
55 95
96 133
41 197
8 20
27 33
32 148
159 189
16 140
35 153
76 154
48 92
20 30
6 95
92 135
111 148
4 22
50 138
27 154
113 194
25 81
44 94
85 95
71 197
145 146
30 159
2 97
62 148
103 149
29 200
15 36
106 154
78 92
64 157
97 105
8 33
118 164
11 38
38 141
30 51
76 167
29 92
15 157
6 108
92 148
4 35
66 95
11 159
85 108
30 172
24 98
103 162
147 168
18 54
17 95
80 114
140 165
38 154
15 170
75 157
33 160
66 108
52 173
24 111
1 127
40 55
100 106
77 122
22 186
61 114
80 127
140 178
98 181
10 68
114 125
12 114
72 128
158 168
177 181
75 170
116 171
135 184
107 122
167 173
93 187
46 112
10 189
109 168
128 181
40 68
26 133
67 171
58 122
89 189
42 114
61 127
162 179
14 15
5 195
63 173
123 187
21 176
40 189
114 138
53 128
72 141
158 181
56 133
135 197
88 122
14 136
74 187
32 190
49 130
68 143
35 195
150 182
7 133
81 82
153 187
172 200
39 85
70 189
23 77
102 141
74 79
13 69
44 136
32 82
16 74
76 88
21 189
34 128
53 141
180 182
157 198
9 71
50 72
69 85
14 149
129 136
113 128
151 154
30 93
2 31
48 147
20 85
92 190
6 150
9 192
50 193
124 142
187 198
13 82
44 149
104 200
16 87
57 88
2 152
117 139
76 101
139 157
6 42
78 147
36 150
55 163
113 141
25 28
30 106
71 144
131 158
24 32
43 45
29 147
48 160
134 200
87 88
6 163
45 91
105 142
64 104
143 168
36 42
108 147
127 160
66 150
38 88
98 102
15 104
59 147
31 48
17 150
36 163
94 104
11 106
131 171
84 96
10 110
115 163
43 58
87 101
73 166
45 104
64 117
17 42
108 160
168 174
66 163
85 176
126 177
24 166
98 115
43 179
82 107
59 160
100 161
12 48
31 61
17 163
77 177
75 104
61 169
93 121
5 8
10 123
130 161
149 174
168 187
19 64
24 179
63 107
82 120
68 185
21 110
100 174
141 175
72 75
77 190
56 67
116 118
61 182
33 120
93 134
5 21
65 72
51 137
137 177
49 64
68 77
109 115
95 180
67 118
12 182
26 80
70 123
89 136
130 174
56 188
171 175
42 61
28 126
47 139
88 177
46 180
65 193
49 185
123 134
183 185
141 188
53 75
125 180
56 80
42 182
83 183
102 196
14 83
74 134
13 124
32 137
51 150
35 142
95 193
136 194
7 80
48 81
139 199
171 188
9 126
28 139
27 143
13 16
25 70
44 83
104 134
122 151
34 75
125 193
166 194
37 80
14 96
96 135
55 97
25 191
13 137
159 191
76 156
29 81
34 196
120 199
6 97
23 37
50 140
113 196
11 148
85 97
30 161
71 199
2 99
43 100
84 138
122 164
87 143
106 156
4 145
78 94
17 84
55 110
8 35
29 94
15 159
6 110
133 151
152 164
50 153
110 167
22 54
8 156
94 159
66 97
11 161
85 110
24 100
43 113
103 164
15 51
87 156
147 170
59 94
45 159
64 172
17 97
3 162
77 111
22 175
121 154
52 54
38 156
82 162
15 172
101 175
73 113
18 177
45 51
12 103
31 116
91 167
135 173
33 162
52 175
10 178
68 119
109 157
40 57
100 108
86 173
89 178
163 164
61 116
80 129
162 168
79 170
98 183
63 162
51 71
101 188
95 114
155 165
72 130
177 183
75 172
28 60
47 73
10 191
51 192
109 170
68 132
169 184
21 57
26 135
172 189
39 74
58 124
70 178
89 191
42 116
28 181
102 130
162 181
181 194
5 197
165 186
13 58
63 175
51 84
104 176
123 189
21 178
95 127
40 191
81 192
114 140
7 14
34 117
158 183
37 122
116 186
157 187
69 74
14 138
74 189
5 89
49 132
150 184
2 20
134 176
26 148
153 189
111 192
9 181
28 194
102 143
146 186
44 138
104 189
2 141
117 128
35 89
20 195
37 135
138 187
97 149
157 200
9 73
69 87
96 190
129 138
55 152
13 192
71 133
16 197
90 146
134 189
20 87
6 152
4 79
50 195
143 157
17 18
127 149
85 152
57 90
117 141
139 159
59 136
4 200
78 149
138 200
55 165
8 90
27 103
11 95
30 108
71 146
131 160
43 47
29 149
84 85
48 162
115 152
1 50
4 92
45 93
64 106
105 144
3 96
127 162
25 151
57 103
24 155
43 168
1 171
18 111
31 50
17 152
91 101
36 165
77 166
94 106
154 157
52 109
10 112
84 98
115 165
73 168
86 107
31 171
89 112
168 176
66 165
107 166
79 104
24 168
98 117
82 109
101 122
161 173
40 112
100 163
12 50
31 63
93 123
46 48
5 10
137 166
156 179
49 53
54 168
73 181
67 107
72 185
89 125
42 50
28 115
61 63
88 166
47 128
46 169
5 131
63 109
82 122
21 112
81 126
100 176
141 177
53 64
72 77
58 179
144 182
56 69
116 120
61 184
102 185
93 136
5 23
32 126
137 179
51 139
49 66
68 79
95 182
7 69
12 184
53 185
72 198
56 190
171 177
88 179
129 180
60 80
46 182
65 195
151 198
49 187
34 64
53 77
37 69
14 85
74 136
41 188
13 126
32 139
44 193
118 142
178 193
16 131
35 144
136 196
53 198
20 21
6 86
111 139
4 13
23 26
9 128
50 129
69 142
129 193
13 18
44 85
104 136
2 88
122 153
15 27
20 142
106 145
18 32
23 147
36 86
159 193
16 144
134 136
34 198
6 99
133 140
69 155
22 43
25 85
11 150
85 99
30 163
2 101
43 102
84 140
103 153
15 40
87 145
106 158
78 96
64 161
105 199
36 99
22 164
8 37
99 155
57 158
184 199
10 46
29 96
15 161
73 102
133 153
91 156
8 158
94 161
11 163
52 164
84 153
1 118
128 159
147 172
40 46
45 161
17 99
58 100
61 105
101 177
18 179
114 116
12 105
31 118
158 159
3 56
94 174
88 100
5 65
10 180
68 121
21 46
100 110
26 124
86 175
67 162
3 177
89 180
77 126
42 105
47 183
181 183
79 172
165 175
32 60
155 167
158 172
177 185
9 49
47 75
33 177
107 126
88 113
46 116
5 78
51 194
49 121
21 59
153 178
172 191
89 193
83 119
28 183
162 183
14 19
5 199
13 60
51 86
104 178
35 78
21 180
95 129
34 119
39 197
56 137
116 188
157 189
9 62
69 76
74 191
27 79
13 181
32 194
49 134
62 73
7 137
48 138
134 178
4 68
23 81
83 132
28 196
69 197
102 145
14 32
41 135
60 148
187 189
146 188
44 140
104 191
57 79
2 143
62 194
20 197
6 33
37 137
78 138
138 189
14 153
96 192
113 132
13 194
99 197
11 84
30 97
90 148
134 191
175 192
20 89
6 154
105 133
17 20
108 138
8 200
127 151
41 148
25 140
2 156
43 157
117 143
76 105
29 30
120 148
18 100
6 46
78 151
17 141
36 154
55 167
94 95
11 97
38 200
112 149
131 162
24 36
29 151
73 157
6 167
105 146
64 108
124 159
3 98
22 111
108 151
127 164
66 154
126 168
38 92
79 93
24 157
43 170
15 108
142 149
161 162
59 151
100 152
119 165
31 52
91 103
36 167
77 168
75 95
33 98
112 162
24 49
54 157
1 65
31 173
3 111
149 165
168 178
126 181
24 170
65 171
82 111
68 176
40 114
100 165
119 178
12 52
58 168
77 181
42 160
61 173
80 186
33 111
74 112
19 176
51 128
156 181
49 55
95 171
67 109
86 122
31 186
72 187
70 114
89 127
28 117
47 130
107 181
19 68
60 69
46 171
5 133
63 111
104 112
123 125
68 189
40 127
81 128
141 179
53 66
125 171
72 79
58 181
144 184
37 58
56 71
116 122
19 189
60 190
93 138
13 115
32 128
178 182
49 68
95 184
114 197
34 174
53 187
70 127
111 128
190 192
9 117
88 181
151 200
104 125
49 189
90 190
81 141
34 66
53 79
125 184
39 144
185 198
37 71
23 136
56 84
102 200
55 88
99 131
159 182
16 133
76 147
48 85
34 187
20 23
92 128
6 88
4 15
23 28
9 130
50 131
69 144
27 147
25 74
85 88
30 152
71 190
29 193
106 147
78 85
97 98
83 200
96 139
8 26
27 39
25 195
118 157
159 195
11 31
71 82
76 160
18 155
6 101
59 193
152 155
50 144
196 198
3 32
22 45
8 147
113 200
25 87
66 88
85 101
145 152
15 42
106 160
18 47
4 149
45 150
64 163
140 158
38 147
15 163
54 91
73 104
18 168
133 155
31 107
3 45
22 58
75 150
11 165
10 169
43 117
1 120
128 161
147 174
64 176
17 101
58 102
3 166
61 107
121 158
33 45
52 58
51 62
101 179
73 117
155 156
40 169
12 107
88 102
93 180
5 67
65 118
10 182
109 161
68 123
40 61
67 164
42 107
61 120
102 121
162 172
181 185
146 164
79 174
165 177
63 166
123 180
35 67
95 118
40 182
114 131
12 120
53 121
158 174
116 177
14 129
47 77
74 180
93 193
46 118
49 123
109 174
150 175
68 136
26 139
153 180
67 177
20 65
83 121
28 185
102 134
14 21
41 124
146 177
165 190
32 75
104 180
21 182
76 81
39 199
37 126
157 191
9 64
50 65
160 196
113 121
13 183
132 134
32 196
118 199
71 124
7 139
134 180
153 193
20 78
92 183
6 143
111 196
23 83
69 199
143 148
41 137
44 142
16 80
76 94
136 145
34 134
120 137
20 199
139 150
37 139
78 140
97 153
69 91
8 81
99 199
30 99
90 150
131 151
2 37
29 140
175 194
1 41
45 84
64 97
127 153
85 156
57 94
84 197
15 97
78 153
31 41
17 143
36 156
163 197
75 84
8 94
11 99
112 151
1 54
73 159
105 148
31 162
3 100
149 154
66 156
126 170
79 95
98 108
43 172
101 113
59 153
100 154
12 41
17 156
33 100
24 51
10 116
115 169
156 170
54 159
114 173
67 98
86 111
70 103
89 116
130 154
47 119
107 170
65 173
82 113
68 178
26 181
141 168
12 54
77 183
42 162
61 175
33 113
74 114
19 178
93 127
10 129
137 170
51 130
156 183
49 57
54 172
95 173
7 60
53 176
70 116
130 167
89 129
148 184
19 70
5 135
65 186
151 189
63 113
104 114
68 191
21 116
62 117
7 181
26 194
53 68
56 73
42 175
102 189
14 76
74 127
19 191
60 192
13 117
51 143
178 184
137 183
49 70
7 73
92 117
111 130
171 181
9 119
28 132
14 197
148 197
41 71
60 84
113 176
2 79
81 143
48 195
20 133
125 186
39 146
185 200
37 73
23 138
14 89
96 128
99 133
44 197
118 146
159 184
178 197
16 135
2 200
76 149
117 187
136 200
29 74
6 90
50 133
69 146
22 34
41 84
27 149
44 89
30 154
71 192
43 93
15 31
20 146
166 200
18 36
4 138
78 87
97 100
64 152
105 190
96 141
108 195
25 197
11 33
57 149
117 200
29 87
73 93
18 157
133 144
17 198
196 200
110 160
27 162
30 167
43 106
103 157
1 109
147 163
18 49
4 151
45 152
17 90
121 147
140 160
33 34
57 162
98 163
10 50
15 165
101 168
73 106
18 170
12 96
94 165
66 103
52 168
24 106
109 150
1 122
128 163
68 112
40 50
100 101
86 166
58 104
89 171
22 181
61 109
121 160
33 47
63 155
51 64
82 168
101 181
54 106
114 120
155 158
31 122
158 163
135 179
93 182
46 107
65 120
169 177
21 50
40 63
172 182
58 117
89 184
42 109
102 123
162 174
181 187
19 125
146 166
60 126
13 51
32 64
35 69
114 133
81 185
155 171
34 110
53 123
72 136
116 179
9 53
28 66
88 117
14 131
32 185
51 198
90 126
67 179
26 141
172 195
39 80
23 72
83 123
28 187
47 200
41 126
60 139
32 77
44 131
104 182
123 195
2 134
76 83
81 198
34 123
20 188
6 24
37 128
138 180
160 198
8 70
113 123
13 185
16 190
90 139
29 129
134 182
153 195
194 196
20 80
6 145
111 198
23 85
41 139
187 193
25 131
85 145
57 83
2 147
136 147
103 199
59 129
4 193
50 80
131 153
29 142
175 196
92 198
6 158
133 199
4 85
64 99
124 150
36 37
22 102
108 142
127 155
25 144
85 158
24 148
57 96
84 199
43 161
15 99
78 155
77 159
80 164
131 166
24 40
115 158
87 96
54 148
45 99
86 100
31 164
3 102
79 97
82 102
1 177
161 166
31 56
58 159
75 99
80 177
93 116
26 62
12 164
31 177
72 178
89 118
149 169
88 159
107 172
126 185
79 110
46 162
65 175
63 102
82 115
49 167
141 170
12 56
53 57
144 175
56 62
42 164
102 178
74 116
19 180
5 16
65 67
51 132
68 72
109 110
114 188
26 75
12 177
53 178
70 118
130 169
42 56
28 121
88 172
129 173
47 134
148 186
60 73
132 178
104 116
49 180
68 193
21 118
26 196
141 183
34 57
53 70
37 62
14 78
32 132
178 186
16 124
95 188
7 75
53 191
92 119
6 79
111 132
56 196
97 197
171 183
9 121
28 134
129 186
148 199
60 86
27 138
25 65
44 78
71 181
104 129
2 81
48 197
122 146
34 70
20 135
39 148
166 189
37 75
4 127
124 192
55 92
41 194
13 132
99 135
44 199
71 73
16 137
57 138
117 189
34 191
37 196
50 135
69 148
22 36
113 191
11 143
30 156
2 94
15 33
87 138
20 148
18 38
78 89
23 153
105 192
17 79
22 157
25 199
66 200
140 149
11 35
38 138
29 89
73 95
59 197
133 146
152 159
91 149
3 36
8 151
94 154
52 157
24 95
87 151
1 111
45 154
77 106
61 98
33 36
98 165
101 170
54 95
73 108
91 162
47 55
33 157
88 93
52 170
24 108
65 109
10 173
21 39
26 117
58 106
80 124
121 162
79 165
63 157
51 66
54 108
95 109
21 160
72 125
177 178
116 168
135 181
28 55
47 68
33 170
107 119
93 184
46 109
5 71
10 186
51 187
49 114
109 165
21 52
86 181
172 184
70 173
89 186
42 111
83 112
28 176
47 189
162 176
19 127
146 168
165 181
63 170
51 79
104 171
7 9
34 112
53 125
56 130
116 181
157 182
28 68
74 184
160 187
5 84
13 174
32 187
49 127
62 66
48 131
172 197
20 69
39 82
111 187
9 176
69 190
13 66
104 184
123 197
16 71
76 85
62 187
117 123
34 125
20 190
78 131
138 182
157 195
50 69
129 133
55 147
160 200
8 72
13 187
32 200
71 128
16 192
30 90
90 141
131 142
29 131
134 184
153 197
4 74
23 87
64 88
9 189
50 190
143 152
108 131
187 195
11 198
57 85
2 149
117 136
59 131
138 195
97 157
17 134
36 147
38 193
112 142
24 29
29 144
175 198
73 150
105 139
17 26
3 91
36 39
22 104
127 157
38 85
18 106
12 32
31 45
17 147
91 96
33 91
24 42
115 160
54 150
45 101
12 153
3 104
130 145
22 117
168 171
66 160
126 174
79 99
98 112
63 91
82 104
1 179
40 107
119 171
12 45
31 58
58 161
77 174
42 153
33 104
52 117
10 120
156 174
95 164
7 51
12 166
70 107
89 120
149 171
42 45
47 123
88 161
46 164
151 180
63 104
104 105
21 107
53 59
125 164
56 64
42 166
102 180
74 118
19 182
5 18
32 121
35 126
7 64
26 77
53 180
72 193
70 120
111 121
37 172
171 172
9 110
88 174
47 136
14 188
41 62
60 75
5 139
44 67
104 118
49 182
123 131
2 70
26 198
34 59
39 137
125 177
144 190
56 77
143 194
13 121
159 175
178 188
35 139
76 140
136 191
29 65
48 78
53 193
6 81
37 185
111 134
56 198
97 199
92 121
69 137
113 180
132 193
173 194
25 67
44 80
122 148
39 150
4 129
23 142
83 193
124 194
55 94
127 199
99 137
159 188
11 24
30 37
71 75
57 140
29 78
15 143
6 94
133 135
92 134
59 186
4 21
50 137
69 150
110 151
22 38
8 140
113 193
25 80
66 81
11 145
24 84
84 135
29 199
15 35
87 140
1 100
4 142
105 194
17 81
99 150
38 140
57 153
10 41
101 159
142 197
133 148
3 38
94 156
66 94
11 158
84 148
87 153
40 41
45 156
64 169
17 94
3 159
61 100
121 151
80 113
140 164
19 103
98 167
10 54
12 100
31 113
91 164
135 170
47 57
33 159
107 108
52 172
49 103
21 41
147 180
26 119
100 105
86 170
58 108
3 172
42 100
102 114
162 165
5 181
165 170
63 159
51 68
123 173
95 111
12 113
53 114
158 167
72 127
177 180
56 119
135 183
28 57
47 70
33 172
74 173
88 108
93 186
5 73
46 111
65 124
32 176
68 129
150 168
109 167
169 181
7 119
26 132
67 170
39 71
42 113
28 178
162 178
146 170
13 55
44 122
63 172
123 186
35 73
62 176
95 124
81 189
7 11
34 114
39 192
116 183
157 184
9 57
74 186
160 189
27 74
32 189
71 117
16 181
90 130
30 79
2 17
172 199
23 76
9 178
28 191
41 130
27 195
60 143
146 183
13 68
30 200
145 187
164 200
57 74
136 138
34 127
6 28
37 132
4 184
78 133
69 84
36 136
96 187
8 74
113 127
99 192
90 143
131 144
2 30
48 146
175 187
134 186
1 34
6 149
23 89
64 90
105 128
124 141
108 133
127 146
25 135
145 200
2 151
43 152
84 190
120 143
87 195
59 133
138 197
55 162
8 87
11 92
38 195
131 157
43 44
73 152
17 28
108 146
22 106
66 149
85 162
126 163
24 152
98 101
43 165
82 93
15 103
142 144
101 106
59 146
12 34
58 150
77 163
75 90
61 155
94 103
33 93
52 106
24 44
10 109
115 162
12 155
86 104
31 168
3 106
168 173
88 150
107 163
126 176
79 101
101 119
1 181
100 160
141 161
12 47
58 163
61 168
33 106
74 107
93 120
5 7
51 123
95 166
114 179
26 66
67 104
86 117
72 182
28 112
88 163
148 177
5 128
151 182
68 184
21 109
40 122
53 61
144 179
37 53
116 117
74 120
93 133
137 176
16 115
35 128
95 179
7 66
48 67
34 169
53 182
70 122
28 125
14 190
129 177
113 169
44 69
104 120
49 184
90 185
62 123
7 187
81 136
122 137
185 193
37 66
23 131
83 182
143 196
41 185
60 198
99 126
32 136
159 177
16 128
76 142
117 180
136 193
48 80
120 185
139 198
92 123
4 10
50 126
129 190
8 129
27 142
25 69
44 82
43 86
106 142
4 131
23 144
105 183
55 96
108 188
8 21
99 139
11 26
38 129
117 193
29 80
161 199
91 140
85 96
71 198
43 99
15 37
87 142
188 194
4 144
45 145
105 196
17 83
3 148
77 97
22 161
80 102
121 140
140 153
57 155
15 158
54 86
12 89
31 102
3 40
94 158
24 99
10 164
84 150
87 155
147 169
45 158
3 161
77 110
121 153
80 115
33 40
19 105
63 148
10 56
101 174
54 99
40 164
31 115
72 116
75 158
135 172
47 59
107 110
52 174
5 62
10 177
109 156
68 118
169 170
21 43
7 108
26 121
86 172
70 164
28 167
61 115
47 180
162 167
5 183
79 169
32 57
82 174
35 62
21 164
40 177
155 164
114 126
158 169
135 185
9 46
28 59
47 72
74 175
93 188
46 113
32 178
49 118
2 6
39 73
70 177
23 65
28 180
102 129
47 193
14 16
5 196
32 70
16 62
20 181
53 129
37 121
56 134
69 73
27 76
13 178
32 191
30 81
35 196
2 19
29 122
48 135
20 73
4 65
23 78
83 129
69 194
27 197
25 124
44 137
145 189
57 76
117 127
76 89
136 140
180 183
139 145
6 30
78 135
23 199
97 148
138 186
96 189
13 191
30 94
115 138
48 148
175 189
134 188
92 191
4 78
45 79
105 130
64 92
124 143
108 135
22 95
187 199
85 151
15 92
1 157
45 200
119 149
17 138
36 151
8 89
38 197
112 146
10 98
115 151
87 89
45 92
105 143
31 157
64 105
17 30
3 95
108 148
22 108
75 200
66 151
107 152
126 165
79 90
24 154
98 103
43 167
142 146
101 108
40 98
100 149
12 36
31 49
58 152
77 165
75 92
94 105
80 170
10 111
156 165
67 93
12 157
3 108
130 149
149 162
47 114
19 52
79 103
82 108
68 173
40 111
141 163
12 49
58 165
61 170
14 58
33 108
46 47
156 178
49 52
35 117
67 106
12 170
89 124
56 176
9 101
42 49
28 114
47 127
148 179
41 53
60 66
46 168
65 181
151 184
44 58
63 108
104 109
49 173
68 186
62 112
7 176
81 125
141 176
34 50
125 168
144 181
37 55
56 68
42 170
83 171
102 184
14 71
19 186
32 125
118 128
178 179
16 117
35 130
6 72
37 176
92 112
56 189
9 114
28 127
60 79
151 197
30 136
90 187
2 74
81 138
122 139
34 63
20 128
39 141
4 120
37 68
83 184
143 198
36 72
41 187
25 179
13 125
44 192
118 141
159 179
2 195
136 195
48 82
37 189
78 190
69 141
8 131
27 144
173 198
25 71
11 136
30 149
84 126
103 139
122 152
15 26
166 195
17 72
36 85
55 98
41 200
25 192
99 141
140 142
11 28
38 131
184 185
73 88
59 190
31 91
91 142
110 155
8 144
154 198
66 85
84 139
103 152
15 39
87 144
147 158
18 44
59 82
45 147
17 85
3 150
121 142
80 104
38 144
10 45
82 150
31 104
91 155
94 160
135 161
47 48
33 150
68 107
128 158
147 171
58 99
89 166
77 112
42 91
121 155
80 117
98 171
10 58
101 176
54 101
95 102
40 166
53 105
75 160
88 99
74 164
107 112
93 177
46 102
65 115
109 158
68 120
128 171
169 172
21 45
7 110
26 123
67 161
172 177
39 62
89 179
42 104
102 118
162 169
181 182
5 185
32 59
51 72
104 164
123 177
16 51
95 115
53 118
72 131
37 110
56 123
116 174
157 175
74 177
160 180
46 115
13 167
51 193
169 185
7 123
134 164
153 177
20 62
111 180
23 67
9 169
83 118
69 183
14 18
60 134
25 113
2 129
76 78
62 180
81 193
34 118
20 183
6 19
37 123
97 137
14 139
55 140
160 193
8 65
113 118
13 180
32 193
118 196
11 70
71 121
90 134
131 135
150 185
76 199
2 21
35 198
23 80
105 119
9 182
124 132
69 196
8 186
127 137
27 199
41 134
38 65
117 129
62 193
103 194
15 81
120 134
18 86
59 124
138 188
97 150
36 140
96 191
182 194
8 78
27 91
99 196
71 134
112 135
6 153
133 194
4 80
64 94
50 196
17 19
108 137
8 199
127 150
22 97
66 140
85 153
38 78
84 194
1 159
100 138
12 25
163 194
77 154
75 81
33 84
52 97
24 35
10 100
115 153
1 51
45 94
86 95
31 159
3 97
89 100
22 110
149 151
66 153
126 167
63 84
1 172
100 151
119 164
31 51
58 154
33 97
52 110
10 113
51 114
137 154
114 170
67 95
12 159
86 108
72 173
70 100
89 113
149 164
28 103
47 116
19 54
5 119
46 157
63 97
82 110
21 100
40 113
81 114
26 178
141 165
34 39
125 157
58 167
42 159
5 11
35 119
114 183
7 57
70 113
111 114
56 178
9 103
47 129
14 181
129 168
60 68
151 186
44 60
104 111
49 175
123 124
68 188
141 178
34 52
20 117
125 170
144 183
56 70
83 173
102 186
14 73
55 74
60 189
32 127
159 168
117 171
136 184
29 58
111 127
97 192
69 130
14 194
25 60
30 138
71 176
2 76
103 128
20 130
106 133
39 143
185 197
4 122
124 187
143 200
96 125
41 189
55 87
13 127
44 194
159 181
11 17
57 133
48 84
120 189
92 127
6 87
78 192
4 14
69 143
36 195
110 144
22 31
27 146
154 187
173 200
25 73
66 74
11 138
30 151
71 189
43 90
29 192
122 154
15 28
87 133
166 197
59 71
45 136
124 200
25 194
140 144
11 30
98 147
15 149
101 152
73 90
18 154
31 93
91 144
3 31
8 146
10 155
43 103
84 141
128 147
105 200
17 87
58 88
3 152
77 101
61 93
121 144
38 146
79 147
98 160
10 47
82 152
101 165
54 90
31 106
94 162
33 152
68 109
109 147
67 150
26 112
86 163
70 155
3 165
42 93
61 106
102 107
33 44
19 109
35 53
21 155
40 168
114 117
12 106
158 160
72 120
56 112
9 37
135 176
28 50
47 63
88 101
74 166
93 179
46 104
5 66
32 169
35 174
150 161
68 122
21 47
7 112
172 179
70 168
42 106
47 184
162 171
32 61
51 74
104 166
123 179
95 117
34 107
53 120
37 112
56 125
157 177
74 179
27 67
13 169
51 195
71 110
16 174
90 123
150 174
169 187
2 10
134 166
48 126
172 192
20 64
39 77
92 169
69 185
41 123
27 188
146 176
44 128
164 193
57 67
2 131
117 118
62 182
81 195
120 123
20 185
39 198
37 125
78 126
23 190
97 139
157 190
69 77
8 67
113 120
13 182
99 185
71 123
30 85
57 188
2 23
29 126
1 27
20 77
111 195
4 69
64 83
124 134
69 198
110 199
108 126
127 139
11 193
44 141
145 193
38 67
2 144
117 131
84 183
76 93
15 83
120 136
87 188
20 198
18 88
59 126
78 139
138 190
50 77
36 142
96 193
8 80
99 198
38 188
112 137
131 150
115 142
175 193
73 145
133 196
45 83
64 96
50 198
91 199
105 134
17 21
3 86
108 139
66 142
79 81
24 145
43 158
84 196
170 199
82 86
18 101
100 140
119 153
12 27
17 142
36 155
163 196
94 96
121 199
24 37
115 155
54 145
12 148
86 97
89 102
130 140
19 43
98 107
101 112
141 154
12 40
58 156
75 96
42 148
61 161
80 174
93 113
137 156
51 116
156 169
114 172
7 46
26 59
12 161
31 174
70 102
28 105
88 156
47 118
148 170
46 159
5 121
65 172
151 175
68 177
81 116
141 167
34 41
39 119
144 172
74 113
46 51
5 13
32 116
51 129
49 56
34 162
111 116
56 180
9 105
28 118
69 119
14 183
129 170
41 57
5 134
25 49
151 188
44 62
104 113
62 116
26 193
20 119
185 186
37 59
23 124
102 188
14 75
44 183
118 132
2 186
117 173
48 73
53 188
92 116
56 193
97 194
50 119
129 183
55 197
8 122
132 188
25 62
44 75
2 78
29 181
48 194
15 17
6 197
185 199
4 124
59 60
23 137
64 138
18 22
124 189
83 188
55 89
41 191
99 132
118 145
30 32
38 122
57 135
2 199
117 186
29 73
120 191
92 129
6 89
4 16
50 132
91 133
110 146
3 20
22 33
8 135
11 140
30 153
112 192
24 79
84 130
29 194
15 30
106 148
59 73
4 137
18 35
64 151
105 189
22 154
108 194
80 95
121 133
140 146
38 135
184 189
10 36
15 151
101 154
54 79
133 143
17 197
91 146
22 46
33 141
24 92
10 157
84 143
54 200
87 148
45 151
86 152
89 157
61 95
121 146
140 159
10 49
82 154
12 95
75 151
135 165
28 39
88 90
52 167
46 93
5 55
49 98
109 149
68 111
40 49
26 114
58 103
70 157
61 108
102 109
47 173
19 111
79 162
5 176
32 50
82 167
123 168
40 170
155 157
158 162
135 178
9 39
28 52
88 103
74 168
5 68
32 171
49 111
109 162
68 124
150 163
35 176
7 114
26 127
70 170
111 171
9 160
28 173
162 173
5 189
13 50
164 182
62 171
81 184
34 109
53 122
37 114
9 52
50 53
14 130
160 184
27 69
13 171
71 112
90 125
35 189
150 176
7 127
39 79
6 131
111 184
92 171
9 173
69 187
41 125
60 138
44 130
145 182
164 195
117 120
62 184
76 82
122 198
120 125
20 187
39 200
23 192
97 141
69 79
36 131
55 144
96 182
160 197
8 69
27 82
13 184
118 200
30 87
16 189
71 125
48 141
175 182
134 181
1 29
6 144
133 185
92 184
45 72
50 187
124 136
108 128
22 88
127 141
25 130
145 195
186 196
57 82
2 146
43 147
103 198
87 190
4 192
45 193
119 142
78 141
17 131
36 144
163 185
8 82
99 200
11 87
112 139
29 141
45 85
105 136
75 193
167 196
126 158
19 32
79 83
24 147
43 160
84 198
82 88
100 142
12 29
17 144
58 145
91 93
77 158
75 85
61 150
80 163
52 101
93 102
156 158
155 199
26 48
86 99
89 104
130 142
126 171
24 160
65 161
68 166
58 158
144 161
77 171
42 150
61 163
33 101
19 166
156 171
35 110
114 174
12 163
72 177
28 107
47 120
107 171
148 172
151 177
63 101
68 179
81 118
26 182
141 169
34 43
53 56
125 161
144 174
37 48
83 164
102 177
74 115
16 110
34 164
53 177
72 190
92 105
56 182
9 107
148 185
27 124
60 72
132 177
25 51
44 64
104 115
30 129
90 180
2 67
7 182
48 183
81 131
34 56
39 134
166 175
185 188
23 126
83 177
143 191
14 77
96 116
13 118
99 121
44 185
2 188
76 137
117 175
136 188
29 62
48 75
34 177
139 193
6 78
92 118
78 183
4 5
50 121
69 134
113 177
132 190
173 191
25 64
30 142
90 193
131 194
2 80
43 81
29 183
103 132
48 196
122 145
106 137
166 188
18 24
23 139
17 65
36 78
96 129
41 193
99 134
85 199
11 21
57 137
15 140
120 193
161 194
18 145
59 183
50 134
91 135
36 199
22 35
8 137
154 191
66 78
11 142
85 91
24 81
84 132
29 196
115 199
1 97
87 137
106 150
188 189
18 37
17 78
3 143
77 92
22 156
121 135
140 148
38 137
98 151
10 38
15 153
142 194
101 156
73 94
133 145
12 84
17 199
33 143
52 156
10 159
68 100
128 151
147 164
45 153
58 92
77 105
61 97
80 110
33 35
19 100
101 169
54 94
21 146
72 111
88 92
47 54
93 170
5 57
46 95
51 173
49 100
109 151
68 113
40 51
70 159
42 97
47 175
19 113
60 114
5 178
165 167
32 52
63 156
104 157
16 44
35 57
21 159
81 173
56 116
116 167
5 70
32 173
49 113
35 178
150 165
169 178
67 167
20 55
23 60
83 111
102 124
60 127
44 119
164 184
35 70
2 122
81 186
53 124
23 181
50 55
96 171
55 133
8 58
27 71
99 176
32 186
11 63
71 114
150 178
76 192
2 14
29 117
62 65
20 68
6 133
152 187
23 73
105 112
64 74
50 176
69 189
41 127
127 130
145 184
62 186
103 187
122 200
20 189
6 25
4 181
18 79
36 133
55 146
11 76
38 179
112 128
57 192
115 133
15 195
175 184
48 143
194 197
1 31
6 146
133 187
45 74
124 138
108 130
127 143
85 146
57 84
24 136
43 149
103 200
15 87
59 130
4 194
12 18
17 133
36 146
77 147
163 187
182 200
121 190
80 152
33 77
112 141
131 154
10 93
115 146
73 149
133 200
3 90
75 195
107 147
126 160
79 85
43 162
63 77
101 103
40 93
100 144
31 44
163 200
19 155
137 147
51 107
54 149
114 163
67 88
12 152
86 101
31 165
130 144
149 157
28 96
47 109
5 112
79 98
63 90
82 103
49 155
21 93
40 106
58 160
144 163
61 165
102 166
19 168
32 107
156 173
35 112
114 176
67 101
53 166
70 106
56 171
28 109
88 160
47 122
148 174
60 61
46 163
5 125
44 53
62 107
7 171
26 184
141 171
34 45
125 163
37 50
83 166
102 179
74 117
32 120
44 174
136 177
48 64
53 179
139 182
6 67
37 171
111 120
9 109
148 187
41 61
151 192
44 66
71 169
104 117
7 184
106 126
39 136
166 177
23 128
83 179
124 180
143 193
96 118
41 182
60 195
25 174
44 187
159 174
16 125
57 126
117 177
76 139
29 64
48 77
34 179
120 182
139 195
37 184
97 198
69 136
110 137
8 126
27 139
154 180
173 193
66 67
11 131
71 182
90 195
131 196
43 83
84 121
48 198
122 147
15 21
106 139
59 64
18 26
64 142
105 180
124 193
36 80
108 185
96 131
55 93
99 136
38 126
98 140
117 190
15 142
161 196
59 185
18 147
78 198
133 134
110 150
75 129
22 37
154 193
52 145
112 196
43 96
29 198
84 134
1 99
188 191
45 142
105 193
64 155
3 145
121 137
38 139
98 153
82 145
142 196
101 158
54 83
73 96
59 198
100 199
12 86
31 99
91 150
3 37
94 155
179 199
65 97
21 27
26 105
77 107
47 164
33 37
79 153
32 41
21 148
53 100
72 113
56 105
9 30
33 158
46 97
65 110
10 174
51 175
109 153
67 156
39 57
83 100
146 156
5 180
60 116
13 41
32 54
63 158
104 159
16 46
35 59
95 110
62 162
37 105
56 118
116 169
9 43
160 175
13 162
51 188
49 115
169 180
2 3
134 159
48 119
153 172
172 185
39 70
111 175
4 49
28 177
60 129
5 193
13 54
25 108
104 172
2 124
81 188
122 189
20 178
39 191
97 132
50 57
69 70
96 173
160 188
99 178
118 191
11 65
71 116
35 193
2 16
134 172
6 135
152 189
4 62
105 114
69 191
108 119
22 79
127 132
27 194
41 129
25 121
11 186
85 135
30 199
145 186
38 60
117 124
43 138
103 189
76 86
15 76
120 129
106 194
59 119
4 183
18 81
23 196
138 183
64 197
17 122
55 148
99 191
140 192
112 130
57 194
131 143
115 135
15 197
175 186
194 199
1 33
6 148
64 89
94 197
66 135
126 149
167 187
84 189
87 194
1 154
18 94
59 132
4 196
3 200
77 149
52 92
38 194
112 143
24 30
115 148
1 46
12 141
47 98
107 149
167 200
19 36
79 87
24 151
65 152
142 143
1 167
40 95
100 146
12 33
77 162
75 89
19 157
93 106
51 109
137 149
156 162
54 151
95 152
12 154
86 103
31 167
70 95
89 108
130 146
149 159
47 111
19 49
5 114
151 168
63 92
49 157
68 170
26 173
58 162
144 165
37 39
102 168
19 170
137 162
51 122
95 165
7 52
26 65
70 108
37 160
56 173
9 98
69 112
60 63
5 127
151 181
2 58
26 186
34 47
20 112
39 125
23 117
102 181
96 107
55 69
99 112
32 122
159 163
16 114
29 53
53 181
6 69
92 109
111 122
56 186
14 189
55 190
41 63
8 115
44 68
103 123
48 187
106 128
6 190
166 179
143 195
25 176
99 125
44 189
57 128
2 192
117 179
29 66
48 79
139 197
92 122
18 136
78 187
97 200
4 9
36 190
3 13
8 128
154 182
66 69
11 133
112 185
24 72
84 123
103 136
15 23
1 88
106 141
18 28
4 130
59 66
105 182
64 144
36 82
77 83
108 187
80 88
66 190
24 193
98 142
15 144
142 185
54 72
73 85
18 149
133 136
59 187
31 88
17 190
3 26
22 39
94 144
52 147
43 98
10 150
84 136
1 101
54 193
147 155
86 145
3 147
121 139
80 101
79 142
98 155
184 195
10 42
82 147
142 198
54 85
40 150
31 101
72 102
75 144
176 196
93 161
5 48
65 99
49 91
68 104
128 155
86 158
70 150
89 163
42 88
47 166
19 104
5 169
63 147
82 160
123 161
35 48
12 101
53 102
72 115
116 158
135 171
28 45
47 58
93 174
5 61
46 99
68 117
26 120
67 158
172 174
20 46
70 163
23 51
9 153
42 101
28 166
102 115
83 102
162 166
41 105
5 182
32 56
35 61
95 112
53 115
56 120
138 159
157 172
9 45
74 174
13 164
32 177
51 190
30 67
16 169
71 105
35 182
150 169
134 161
20 59
6 124
92 164
39 72
41 118
164 188
16 61
62 177
122 191
15 65
34 115
20 180
6 16
78 121
97 134
138 172
50 59
69 72
36 124
96 175
27 75
11 67
131 132
2 18
64 78
69 193
110 194
127 134
27 196
11 188
186 189
38 62
57 75
84 178
103 191
15 78
120 131
20 193
18 83
59 121
4 185
36 137
96 188
182 191
140 194
38 183
57 196
15 199
175 188
105 129
91 194
3 81
108 134
94 199
66 137
126 151
167 189
38 75
43 153
40 84
45 199
12 22
31 35
58 138
77 151
163 191
80 156
93 95
112 145
10 97
155 192
67 79
12 143
31 156
70 84
3 94
89 97
75 199
47 100
126 164
19 38
65 154
82 94
142 145
68 159
40 97
26 162
58 151
61 156
80 169
156 164
95 154
114 167
7 41
70 97
89 110
130 148
9 87
88 151
107 164
148 165
19 51
65 167
151 170
7 162
141 162
125 154
83 157
74 108
16 103
35 116
136 168
34 157
53 170
72 183
92 98
37 162
9 100
69 114
129 165
148 178
113 157
25 44
44 57
104 108
7 175
48 176
122 125
125 167
23 119
83 170
14 70
96 109
60 186
99 114
44 178
117 168
76 130
136 181
48 68
34 170
139 186
6 71
92 111
111 124
37 175
97 189
78 176
55 192
41 65
8 117
113 170
25 57
11 122
44 70
30 135
71 173
131 187
2 73
29 176
48 189
122 138
87 117
20 127
6 192
166 181
185 194
4 119
105 171
124 184
17 58
143 197
55 84
108 176
8 9
44 191
11 14
57 130
43 195
29 68
15 133
120 186
73 74
18 138
59 176
78 189
17 179
50 127
36 192
22 28
8 130
94 133
173 197
66 71
11 135
131 200
24 74
43 87
84 125
115 192
103 138
15 25
1 90
87 130
59 68
18 30
64 146
17 71
3 136
77 85
36 84
80 90
121 128
140 141
10 31
15 146
161 200
54 74
31 90
17 192
75 133
24 87
10 152
68 93
109 131
147 157
188 195
45 146
191 200
58 85
3 149
77 98
89 152
42 77
61 90
80 103
19 93
79 144
184 197
82 149
54 87
72 104
42 198
116 147
52 162
93 163
5 50
65 101
10 165
49 93
128 157
21 31
67 147
86 160
70 152
61 103
102 104
47 168
60 107
146 147
13 32
32 45
63 149
35 50
21 152
95 101
40 165
56 109
116 160
157 161
9 34
28 47
88 98
14 112
93 176
46 101
51 179
49 106
35 171
150 158
67 160
153 163
111 166
9 155
28 168
102 117
41 107
60 120
13 45
44 112
16 50
35 63
34 104
53 117
20 169
56 122
138 161
97 123
14 125
160 179
8 51
71 107
16 171
90 120
35 184
76 185
29 110
134 163
48 123
153 176
6 126
92 166
23 66
9 168
50 169
69 182
27 185
30 190
122 193
6 18
23 187
97 136
138 174
36 126
55 139
8 64
118 195
11 69
16 184
112 121
76 198
29 123
48 136
6 139
133 180
18 193
64 80
124 131
3 70
108 123
22 83
25 125
11 190
38 64
84 180
103 193
189 196
15 80
87 185
1 145
106 198
18 85
4 187
78 136
163 180
182 193
99 195
52 83
38 185
112 134
57 198
131 147
98 199
115 139
54 129
105 131
91 196
3 83
22 96
75 188
66 139
107 140
126 153
24 142
82 83
1 158
128 199
40 86
119 150
31 37
163 193
80 158
33 83
19 148
52 96
93 97
10 99
114 156
12 145
86 94
31 158
88 140
47 102
126 166
5 105
79 91
65 156
61 158
102 159
14 46
74 97
19 161
93 110
137 153
114 169
7 43
67 94
56 164
88 153
129 154
14 167
148 167
46 156
132 159
65 169
151 172
21 99
81 113
125 156
144 169
37 43
14 59
74 110
60 175
35 118
95 169
48 57
34 159
6 60
111 113
9 102
50 103
14 180
129 167
148 180
113 159
25 46
30 124
2 62
62 113
48 178
39 129
37 56
36 60
55 73
127 178
25 167
99 116
44 180
159 167
118 129
57 119
76 132
48 70
139 188
92 113
78 178
97 191
69 129
8 119
27 132
154 173
11 124
30 137
90 188
131 189
2 75
84 114
43 76
48 191
87 119
166 183
23 134
64 135
124 186
17 60
55 86
22 138
127 191
99 129
85 194
2 196
29 70
120 188
73 76
78 191
119 192
31 79
91 130
3 17
94 135
173 199
66 73
24 76
43 89
115 194
73 197
59 70
105 186
17 73
58 74
3 138
77 87
108 191
22 151
61 79
80 92
66 194
184 186
82 138
15 148
142 189
54 76
73 89
12 79
58 195
3 30
94 148
135 149
195 200
68 95
147 159
188 197
26 98
12 200
77 100
42 79
47 157
88 195
121 143
19 95
101 164
54 89
12 92
53 93
72 106
116 149
28 36
74 152
46 90
65 103
51 168
68 108
21 33
7 98
39 50
83 93
102 106
47 170
19 108
60 109
5 173
32 47
63 151
123 165
16 39
40 167
81 168
34 93
39 171
37 98
116 162
157 163
9 36
28 49
160 168
93 178
13 155
32 168
51 181
90 109
150 160
7 111
48 112
153 165
172 178
20 50
28 170
102 119
146 162
13 47
104 165
123 178
20 171
39 184
23 176
138 163
157 176
27 66
99 171
32 181
16 173
90 122
35 186
76 187
20 63
6 128
111 181
152 182
4 55
9 170
50 171
105 107
69 184
8 174
41 122
25 114
145 179
43 131
76 79
103 182
15 69
120 122
6 20
4 176
138 176
64 190
97 138
50 63
96 179
8 66
99 184
11 71
71 122
38 174
57 187
115 128
1 26
6 141
133 182
45 69
64 82
105 120
50 184
22 85
8 187
108 125
66 128
11 192
186 193
43 144
189 198
15 82
59 125
18 87
4 189
100 126
3 193
163 182
36 141
121 185
52 85
38 187
115 141
45 82
3 85
22 98
66 141
33 193
170 198
63 72
87 200
40 88
100 139
77 155
163 195
75 82
42 134
61 147
121 198
80 160
33 85
93 99
10 101
51 102
63 193
54 144
95 145
114 158
12 147
31 160
72 161
46 145
151 161
49 150
68 163
21 88
26 166
61 160
102 161
51 115
95 158
114 171
26 58
70 101
9 91
14 169
129 156
47 117
148 169
41 43
5 120
7 166
81 115
26 179
141 166
34 40
20 105
39 118
37 45
56 58
83 161
60 177
32 115
44 169
35 120
29 46
34 161
120 164
92 102
37 166
56 179
50 105
14 182
27 121
132 174
25 48
44 61
90 177
2 64
29 167
62 115
122 129
20 118
106 121
6 183
39 131
4 110
143 188
36 62
55 75
99 118
159 169
16 120
57 121
117 172
136 185
139 190
92 115
18 129
78 180
36 183
69 131
55 196
3 6
8 121
154 175
173 188
25 61
11 126
30 139
112 178
24 65
115 183
48 193
15 16
1 81
6 196
166 185
4 123
64 137
105 175
124 188
17 62
36 75
168 194
25 182
80 81
85 196
10 22
15 137
101 140
161 191
59 180
31 81
110 145
22 32
75 124
154 188
66 75
11 139
52 140
84 129
43 91
1 94
128 135
73 199
147 148
54 186
45 137
64 150
105 188
3 140
77 89
61 81
121 132
66 196
107 197
80 94
19 84
184 188
10 35
40 143
100 194
12 81
31 94
17 196
94 150
135 151
176 189
33 140
52 153
179 194
10 156
68 97
54 199
147 161
188 199
130 194
42 81
88 197
47 159
19 97
5 162
123 154
12 94
116 151
9 25
28 38
33 153
93 167
67 151
153 154
86 164
20 39
39 52
70 156
89 169
42 94
28 159
47 172
41 98
146 151
60 111
13 36
104 154
95 105
62 157
81 170
34 95
14 116
74 167
160 170
27 55
51 183
71 98
16 162
35 175
134 154
39 65
4 44
23 57
9 159
83 108
41 111
44 116
104 167
30 181
16 54
62 170
122 184
20 173
6 9
78 114
138 165
97 127
157 178
118 186
11 60
71 111
30 73
16 175
2 11
134 167
48 127
6 130
92 170
64 71
69 186
22 74
164 194
2 132
103 184
122 197
120 124
20 186
106 189
87 176
59 114
4 178
78 127
23 191
22 195
182 184
8 68
99 186
11 73
52 74
112 125
57 189
29 127
115 130
175 181
133 184
152 197
193 198
31 136
64 84
91 187
3 74
108 127
22 87
94 192
66 130
11 194
52 195
126 144
167 182
186 195
85 143
38 68
87 189
59 127
12 15
17 130
163 184
77 144
121 187
80 149
140 200
52 87
38 189
112 138
24 25
10 90
82 195
115 143
54 133
31 149
91 200
75 192
88 131
33 195
167 195
63 74
68 152
109 190
42 136
121 200
93 101
10 103
137 144
51 104
95 147
114 160
155 198
26 47
53 150
130 141
47 106
148 158
65 160
63 87
40 103
81 104
125 147
102 163
19 165
93 114
13 91
32 104
51 117
137 157
16 96
136 161
34 150
37 155
9 93
28 106
14 171
46 160
5 122
132 163
25 37
151 176
44 50
90 166
62 104
7 168
81 117
34 42
125 160
37 47
83 163
102 176
143 177
55 64
41 166
60 179
25 158
44 171
118 120
76 123
136 174
29 48
48 61
6 64
111 117
50 107
129 171
8 110
41 58
113 163
132 176
25 50
71 166
30 128
90 179
131 180
103 118
48 182
122 131
23 125
105 164
64 126
124 177
55 77
99 120
118 133
85 185
57 123
117 174
76 136
120 179
59 169
6 77
91 121
110 134
55 198
3 8
173 190
11 128
71 179
30 141
24 67
84 118
43 80
29 182
15 18
87 123
106 136
6 198
59 61
105 177
124 190
36 77
77 78
108 182
22 142
127 195
168 196
80 83
66 185
85 198
57 136
98 137
10 24
142 180
161 193
31 83
91 134
110 147
77 199
3 21
66 77
52 142
65 81
10 145
68 86
1 96
128 137
147 150
45 139
86 140
191 193
58 78
130 183
22 155
89 145
107 199
140 147
184 190
63 129
82 142
100 196
31 96
72 97
58 199
116 140
135 153
93 156
65 94
51 159
49 86
67 140
58 91
130 196
89 158
47 161
79 150
82 155
21 145
81 159
34 84
116 153
28 40
14 105
88 91
32 159
67 153
26 115
39 54
70 158
23 46
9 148
83 97
28 161
102 110
41 100
146 153
5 177
60 113
165 166
32 51
164 170
16 43
21 158
62 159
34 97
53 110
20 162
37 102
23 167
97 116
9 40
14 118
27 57
13 159
118 175
30 62
16 164
150 164
48 116
134 156
153 169
20 54
92 159
39 67
4 46
83 110
41 113
25 105
85 119
30 183
38 44
2 121
103 173
15 60
39 188
4 167
78 116
23 180
157 180
50 54
36 119
8 57
27 70
118 188
112 114
16 177
57 178
48 129
1 17
18 186
4 59
105 111
27 191
25 118
66 119
11 183
85 132
30 196
145 183
38 57
57 70
103 186
122 199
87 178
106 191
64 194
17 119
36 132
96 183
182 186
22 197
11 75
52 76
112 127
57 191
131 140
98 192
15 194
54 122
1 30
18 199
133 186
45 73
105 124
64 86
91 189
75 181
22 89
94 194
66 132
167 184
186 197
19 20
10 200
84 186
100 130
119 143
12 17
17 132
163 186
77 146
182 199
121 189
33 76
52 89
79 192
10 92
82 197
73 148
40 200
114 149
174 200
26 36
67 74
31 151
89 92
75 194
167 197
5 98
79 84
67 195
26 157
12 30
144 149
42 138
102 152
93 103
51 106
35 98
114 162
67 87
12 151
53 152
72 165
56 157
130 143
129 147
5 111
46 149
49 154
62 93
7 157
26 170
141 157
144 162
42 151
102 165
32 106
35 111
95 162
53 165
139 168
37 157
56 170
9 95
28 108
14 173
129 160
113 152
44 52
30 117
62 106
20 109
39 122
37 49
4 101
124 166
41 168
127 171
60 181
25 160
99 109
118 122
16 111
57 112
76 125
29 50
48 63
34 165
120 168
139 181
92 106
6 66
78 171
111 119
50 109
69 122
14 186
55 187
154 166
25 52
30 130
131 182
84 107
29 171
103 120
43 69
122 133
20 122
6 187
166 176
23 127
105 166
124 179
17 53
55 79
99 122
57 125
43 190
76 138
29 63
15 128
18 133
50 122
110 136
3 10
22 23
173 192
52 131
131 195
43 82
29 184
103 133
1 85
73 190
3 131
22 144
149 185
108 184
168 198
61 72
80 85
66 187
85 200
15 141
142 182
54 69
73 82
59 184
12 72
31 85
17 187
36 200
135 142
52 144
24 82
109 126
68 88
128 139
188 190
86 142
191 195
58 80
3 144
89 147
61 85
80 98
47 150
19 88
79 139
142 195
21 134
40 147
12 85
75 141
116 142
135 155
28 29
46 83
65 96
51 161
49 88
68 101
128 152
7 91
67 142
86 155
39 43
89 160
171 199
42 85
83 86
47 163
19 101
5 166
51 53
35 45
95 96
81 161
34 86
53 99
39 164
116 155
9 29
74 158
13 148
5 58
32 161
46 96
51 174
16 153
150 153
134 145
39 56
23 48
9 150
83 99
28 163
102 112
41 102
104 158
123 171
2 110
78 105
23 169
97 118
14 120
160 174
27 59
13 161
99 164
35 179
150 166
29 105
134 158
153 171
92 161
152 175
9 163
8 167
27 180
25 107
11 172
44 120
30 185
85 121
145 172
164 185
122 188
20 177
106 180
6 13
59 105
18 67
78 118
138 169
97 131
4 169
36 121
55 134
99 177
11 64
57 180
76 193
115 121
15 183
92 174
133 175
18 188
152 188
4 61
45 62
124 126
3 65
22 78
94 183
27 193
66 121
11 185
126 135
30 198
24 124
57 72
84 175
43 137
87 180
1 140
4 182
100 119
17 121
3 186
163 175
22 199
182 188
121 178
140 191
33 65
38 180
112 129
115 134
15 196
101 199
73 137
174 189
45 75
91 191
177 194
107 135
186 199
24 137
87 193
1 153
100 132
86 197
12 19
42 127
61 140
121 191
33 78
52 91
10 94
51 95
82 199
26 38
12 140
86 89
31 153
72 154
70 81
89 94
47 97
33 199
167 199
65 151
63 78
49 143
82 91
68 156
67 197
144 151
42 140
61 153
93 105
146 197
137 148
51 108
35 100
95 151
67 89
9 84
28 97
47 110
129 149
148 162
132 154
151 167
2 44
26 172
141 159
20 98
125 151
37 38
83 154
102 167
60 170
76 114
117 152
136 165
48 52
34 154
120 157
53 167
139 170
6 55
37 159
97 173
9 97
50 98
129 162
41 49
27 114
25 41
90 170
2 57
7 172
48 173
20 111
106 114
4 103
83 167
143 181
55 68
41 170
127 173
60 183
25 162
159 162
29 52
92 108
97 186
69 124
110 125
113 167
173 181
11 119
30 132
131 184
24 58
43 71
29 173
103 122
106 127
6 189
124 181
127 186
99 124
38 114
98 128
43 192
2 191
161 184
119 187
31 74
3 12
22 25
8 127
94 130
66 68
52 133
112 184
131 197
84 122
43 84
115 189
45 130
17 68
22 146
108 186
168 200
61 74
24 192
98 141
82 133
142 184
40 136
119 200
12 74
3 25
75 130
61 195
135 144
33 133
93 147
65 85
10 149
68 90
128 141
188 192
26 93
12 195
86 144
58 82
70 136
89 149
130 187
3 146
121 138
88 190
63 133
40 149
56 93
116 144
135 157
28 31
33 146
179 200
93 160
49 90
68 103
21 28
67 144
26 106
86 157
9 139
28 152
47 165
41 91
60 104
63 146
123 160
16 34
21 149
95 98
81 163
39 166
56 106
116 157
14 109
160 163
27 48
13 150
118 166
30 53
16 155
48 107
172 173
20 45
92 150
39 58
23 50
9 152
83 101
28 165
30 174
145 161
16 47
2 112
62 163
39 179
4 158
55 123
8 48
27 61
118 179
71 104
57 169
76 182
48 120
134 160
1 8
20 58
92 163
6 123
111 176
152 177
23 63
22 67
27 182
25 109
66 110
11 174
57 61
43 126
103 177
106 182
59 107
4 171
119 121
64 185
17 110
36 123
96 174
8 61
99 179
140 180
52 67
38 169
112 118
29 120
15 185
1 21
73 126
18 190
152 190
45 64
91 180
22 80
108 120
66 123
85 136
38 61
43 139
103 190
1 142
147 196
18 82
64 198
3 188
163 177
77 137
182 190
121 180
140 193
52 80
112 131
10 83
73 139
133 190
174 191
12 129
31 142
177 196
94 198
135 199
88 124
33 188
47 86
126 150
19 24
128 196
21 70
40 83
45 198
58 137
77 150
163 190
75 77
61 142
121 193
162 194
19 145
93 94
63 188
51 97
10 96
114 153
67 78
12 142
72 156
70 83
89 96
19 37
5 102
65 153
151 156
68 158
109 196
39 100
42 142
74 94
60 159
146 199
13 84
32 97
51 110
137 150
16 89
67 91
72 169
37 148
56 161
46 153
132 156
25 30
49 158
90 159
7 161
81 110
125 153
39 113
55 57
41 159
60 172
2 167
35 115
136 167
48 54
120 159
92 97
6 57
50 100
69 113
14 177
55 178
41 51
113 156
44 56
30 121
2 59
43 60
29 162
103 111
48 175
122 124
62 110
20 113
106 116
4 105
23 118
64 119
143 183
36 57
96 108
41 172
25 164
159 164
118 126
2 180
76 129
117 167
15 119
97 188
91 114
36 178
154 170
173 183
30 134
112 173
84 111
43 73
103 124
48 188
106 129
4 118
105 170
124 183
17 57
108 175
127 188
25 177
66 178
85 191
98 130
43 194
142 173
161 186
78 188
119 189
12 63
17 178
91 127
110 140
3 14
75 119
94 132
112 186
1 89
54 181
45 132
86 133
3 135
22 148
149 189
42 63
121 127
66 191
19 79
79 130
24 194
98 143
10 30
54 73
40 138
12 76
58 192
75 132
116 133
135 146
195 197
33 135
19 200
46 74
137 192
68 92
54 194
67 133
130 189
47 154
88 192
19 92
46 195
5 157
79 143
63 135
49 200
183 200
21 138
81 152
34 77
72 103
42 197
116 146
135 159
74 149
93 162
46 87
51 165
90 93
20 34
39 47
23 39
9 141
83 90
28 154
102 103
41 93
13 31
32 44
104 149
123 162
16 36
81 165
34 90
20 155
39 168
37 95
97 109
157 160
9 33
160 165
27 50
13 152
118 168
71 93
30 55
134 149
153 162
20 47
4 39
23 52
9 154
13 44
44 111
104 162
145 163
164 176
122 179
15 53
20 168
39 181
138 160
97 122
36 112
96 163
160 178
8 50
13 165
99 168
118 181
11 55
57 171
76 184
29 109
48 122
1 10
92 165
6 125
4 52
45 53
50 168
110 182
66 112
11 176
30 189
145 176
38 50
43 128
122 192
15 66
87 171
18 71
4 173
45 174
119 123
59 109
78 122
55 138
8 63
140 182
11 68
57 184
98 185
131 133
15 187
101 190
18 192
133 179
64 79
31 131
91 182
3 69
22 82
8 184
94 187
75 174
66 125
11 189
167 177
38 63
24 128
43 141
87 184
40 72
100 123
64 200
17 125
58 126
3 190
163 179
77 139
182 192
181 196
33 69
52 82
79 185
98 198
82 190
54 128
73 141
114 142
174 193
12 131
31 144
91 195
70 72
88 126
33 190
126 152
170 195
63 69
109 185
21 72
40 85
100 136
70 193
58 139
61 144
121 195
80 157
162 196
74 83
19 147
93 96
32 86
63 190
21 193
95 142
67 80
53 145
70 85
89 98
46 142
65 155
109 198
21 85
7 150
26 163
39 102
144 155
42 144
102 158
14 45
19 160
60 161
51 112
16 91
35 104
136 156
34 145
53 158
180 199
139 161
9 88
69 102
46 155
132 158
151 171
30 110
49 160
62 99
81 112
20 102
125 155
39 115
37 42
23 107
55 59
99 102
16 104
2 169
48 56
34 158
120 161
37 163
111 112
78 164
69 115
27 118
113 158
71 161
131 175
2 61
43 62
103 113
4 107
105 159
124 172
96 110
22 124
99 115
57 118
29 56
59 164
78 177
50 115
55 193
94 121
173 185
112 175
24 62
29 177
115 180
103 126
73 183
6 193
45 121
22 137
85 193
38 118
10 19
101 137
142 175
161 188
18 139
59 177
17 180
91 129
77 194
75 121
94 134
33 124
52 137
24 75
54 183
128 132
73 196
86 135
130 178
149 191
42 65
66 193
107 194
24 196
98 145
10 32
63 124
101 150
183 189
21 127
40 140
12 78
42 186
61 199
195 199
33 137
179 191
93 151
65 89
10 153
51 154
137 194
49 81
109 132
128 145
7 84
86 148
70 140
89 153
130 191
88 194
13 20
32 33
63 137
35 38
81 154
53 92
116 148
9 22
14 100
74 151
93 164
46 89
51 167
16 146
35 159
134 138
67 148
34 200
20 36
70 153
83 92
69 157
41 95
146 148
104 151
123 164
62 154
122 168
34 92
20 157
37 97
56 110
138 149
157 162
14 113
27 52
13 154
99 157
32 167
118 170
90 108
35 172
29 98
48 111
153 164
20 49
92 154
6 114
111 167
152 168
8 160
41 108
25 100
44 113
103 168
15 55
106 173
4 162
23 175
97 124
138 162
96 165
55 127
8 52
11 57
38 160
57 173
29 111
1 12
133 168
91 171
110 184
3 58
27 186
30 191
57 65
43 130
84 168
1 133
87 173
147 187
4 175
45 176
119 125
64 189
17 114
36 127
77 128
163 168
22 192
140 184
38 173
112 122
57 186
98 187
15 189
101 192
54 117
193 195
45 68
75 176
126 141
167 179
189 197
128 187
147 200
100 125
163 181
77 141
121 184
181 198
52 84
19 136
79 187
82 192
54 130
73 143
40 195
7 18
174 195
67 69
72 147
70 74
116 190
88 128
107 141
167 192
126 154
19 28
46 131
170 197
109 187
68 149
128 200
21 74
81 88
67 190
26 152
70 195
42 133
102 147
162 198
14 34
63 192
137 141
21 195
155 195
114 157
7 31
67 82
12 146
53 147
26 44
158 200
70 87
9 77
129 142
5 106
46 144
65 157
68 162
62 88
81 101
26 165
141 152
20 91
9 198
102 160
14 47
