20 100
7 19
19 18
9 1
4 14
11 7
7 3
14 18
9 3
20 3
12 8
10 20
14 2
16 8
8 4
14 20
19 13
18 8
9 5
4 18
15 18
6 15
10 13
16 1
20 7
1 3
2 4
16 3
14 15
2 13
17 20
4 13
5 12
10 8
10 17
11 9
14 8
2 6
16 5
17 4
8 1
7 2
16 14
13 9
18 5
6 3
6 12
11 2
2 8
16 7
17 6
8 3
12 19
5 7
10 3
13 20
6 14
15 17
11 4
11 13
8 5
3 18
4 1
7 18
15 10
15 19
3 2
17 1
12 14
8 19
4 12
15 12
9 2
20 11
12 7
3 13
7 4
7 13
15 5
11 1
1 18
16 18
13 1
19 14
5 6
18 9
20 6
9 15
10 14
12 20
3 17
7 8
19 16
5 17
6 9
9 8
6 18
14 7
3 19
16 13
7 10
