150 300
5 56
2 87
4 121
8 18
8 73
5 120
5 10
8 146
2 50
3 49
9 10
4 78
10 64
1 6
9 129
3 122
6 29
3 12
5 31
3 131
5 40
4 105
10 36
4 114
8 130
8 75
5 122
9 113
4 7
9 58
6 68
4 16
10 66
1 63
6 77
1 8
3 5
10 75
4 89
7 115
10 29
2 9
4 43
10 93
2 73
8 123
5 51
2 82
2 27
8 77
3 90
1 38
8 150
2 45
10 50
4 9
2 109
10 59
1 56
1 111
10 68
1 10
7 44
4 27
4 91
1 74
7 53
5 26
5 44
7 126
5 108
8 15
2 148
1 40
9 108
8 88
4 66
6 63
7 28
6 8
6 127
1 3
5 19
9 135
4 84
5 83
5 28
7 110
2 4
7 55
9 92
7 137
2 86
8 136
8 81
3 30
6 56
4 68
6 65
6 10
4 132
1 60
7 94
5 21
5 140
10 17
6 147
2 6
10 145
2 70
8 120
8 65
8 10
2 24
9 149
3 23
2 88
4 52
3 32
4 6
1 53
5 69
5 14
4 79
5 133
8 40
5 142
7 105
7 50
6 149
2 8
2 127
3 7
5 96
2 72
2 17
8 67
3 135
8 12
10 31
8 76
3 144
8 140
10 40
4 118
6 115
7 80
4 8
7 144
5 7
10 122
5 71
10 67
4 81
6 14
7 43
10 131
8 42
5 89
2 120
2 10
5 98
3 9
2 74
8 124
5 107
10 88
1 85
8 133
6 44
7 9
9 43
6 108
7 73
4 56
6 53
4 65
4 10
6 7
5 9
5 128
10 60
5 146
2 3
1 5
8 108
5 100
8 117
6 28
3 11
2 21
2 140
1 87
4 104
3 29
7 11
3 38
7 20
1 105
10 108
6 119
6 64
6 128
7 93
4 140
5 84
5 148
2 60
2 5
1 7
3 4
6 21
2 14
3 132
9 148
10 83
10 147
1 89
1 34
3 150
4 5
7 141
7 86
5 68
8 30
7 95
8 94
9 59
5 22
7 40
2 117
9 68
9 13
3 116
2 7
1 9
3 6
1 128
9 132
10 21
2 71
3 70
6 87
9 150
3 79
9 95
7 61
6 41
7 125
3 24
5 52
10 48
7 79
5 61
5 6
5 70
2 46
7 97
1 2
2 119
1 11
3 8
10 78
9 24
6 89
4 37
3 72
3 136
7 118
4 101
7 8
10 96
10 41
10 105
7 136
6 116
7 81
2 30
5 118
4 128
5 8
5 127
5 81
8 98
6 9
8 43
6 73
1 4
2 121
6 18
9 72
10 16
3 10
3 129
6 91
9 90
1 22
4 48
7 10
8 9
